in/test_suite/GMD2017/CliffFineSandBays/consolidated_sand_01.asc
ncols	500
nrows	1000
xllcorner	1.000
yllcorner	1.000
cellsize	1.000
NODATA_value	-9999.000
[rows 495 to 527 of 1000, columns 370 to 443 of 500]
6.263 6.226 6.189 6.152 6.115 6.078 6.041 6.004 5.967 5.930 5.893 5.856 5.819 5.782 5.745 5.708 5.671 5.634 5.597 5.560 5.523 5.486 5.449 5.411 5.374 5.337 5.300 5.263 5.226 5.189 5.152 5.115 5.078 5.041 5.004 4.967 4.930 4.893 4.856 4.819 4.782 4.745 4.708 4.671 4.634 4.597 4.560 4.523 4.486 4.449 4.412 4.375 4.338 4.301 4.264 4.227 4.190 4.153 4.116 4.079 4.041 4.004 3.967 3.930 3.893 3.856 3.819 3.782 3.745 3.708 3.671 3.634 3.597 3.560
6.263 6.226 6.189 6.152 6.115 6.078 6.041 6.004 5.967 5.930 5.893 5.856 5.819 5.781 5.744 5.707 5.670 5.633 5.596 5.559 5.522 5.485 5.448 5.411 5.374 5.337 5.300 5.263 5.226 5.189 5.152 5.115 5.078 5.041 5.004 4.967 4.930 4.893 4.856 4.819 4.782 4.745 4.708 4.671 4.634 4.597 4.560 4.523 4.486 4.448 4.411 4.374 4.337 4.300 4.263 4.226 4.189 4.152 4.115 4.078 4.041 4.004 3.967 3.930 3.893 3.856 3.819 3.782 3.745 3.708 3.671 3.634 3.597 3.560
6.263 6.226 6.189 6.152 6.115 6.077 6.040 6.003 5.966 5.929 5.892 5.855 5.818 5.781 5.744 5.707 5.670 5.633 5.596 5.559 5.522 5.485 5.448 5.411 5.374 5.337 5.300 5.263 5.226 5.189 5.152 5.115 5.078 5.041 5.004 4.967 4.930 4.893 4.856 4.819 4.782 4.744 4.707 4.670 4.633 4.596 4.559 4.522 4.485 4.448 4.411 4.374 4.337 4.300 4.263 4.226 4.189 4.152 4.115 4.078 4.041 4.004 3.967 3.930 3.893 3.856 3.819 3.782 3.745 3.708 3.671 3.634 3.597 3.560
6.262 6.225 6.188 6.151 6.114 6.077 6.040 6.003 5.966 5.929 5.892 5.855 5.818 5.781 5.744 5.707 5.670 5.633 5.596 5.559 5.522 5.485 5.448 5.411 5.374 5.337 5.300 5.263 5.226 5.189 5.152 5.115 5.078 5.041 5.004 4.966 4.929 4.892 4.855 4.818 4.781 4.744 4.707 4.670 4.633 4.596 4.559 4.522 4.485 4.448 4.411 4.374 4.337 4.300 4.263 4.226 4.189 4.152 4.115 4.078 4.041 4.004 3.967 3.930 3.893 3.856 3.819 3.782 3.745 3.708 3.670 3.633 3.596 3.559
6.262 6.225 6.188 6.151 6.114 6.077 6.040 6.003 5.966 5.929 5.892 5.855 5.818 5.781 5.744 5.707 5.670 5.633 5.596 5.559 5.522 5.485 5.448 5.411 5.374 5.337 5.300 5.263 5.226 5.189 5.152 5.115 5.077 5.040 5.003 4.966 4.929 4.892 4.855 4.818 4.781 4.744 4.707 4.670 4.633 4.596 4.559 4.522 4.485 4.448 4.411 4.374 4.337 4.300 4.263 4.226 4.189 4.152 4.115 4.078 4.041 4.004 3.967 3.930 3.893 3.856 3.819 3.781 3.744 3.707 3.670 3.633 3.596 3.559
6.262 6.225 6.188 6.151 6.114 6.077 6.040 6.003 5.966 5.929 5.892 5.855 5.818 5.781 5.744 5.707 5.670 5.633 5.596 5.559 5.522 5.485 5.448 5.411 5.374 5.337 5.300 5.263 5.226 5.189 5.152 5.114 5.077 5.040 5.003 4.966 4.929 4.892 4.855 4.818 4.781 4.744 4.707 4.670 4.633 4.596 4.559 4.522 4.485 4.448 4.411 4.374 4.337 4.300 4.263 4.226 4.189 4.152 4.115 4.078 4.041 4.004 3.967 3.930 3.893 3.856 3.818 3.781 3.744 3.707 3.670 3.633 3.596 3.559
6.262 6.225 6.188 6.151 6.114 6.077 6.040 6.003 5.966 5.929 5.892 5.855 5.818 5.781 5.744 5.707 5.670 5.633 5.596 5.559 5.522 5.485 5.448 5.411 5.374 5.337 5.300 5.263 5.226 5.189 5.152 5.115 5.077 5.040 5.003 4.966 4.929 4.892 4.855 4.818 4.781 4.744 4.707 4.670 4.633 4.596 4.559 4.522 4.485 4.448 4.411 4.374 4.337 4.300 4.263 4.226 4.189 4.152 4.115 4.078 4.041 4.004 3.967 3.930 3.893 3.856 3.819 3.781 3.744 3.707 3.670 3.633 3.596 3.559
6.262 6.225 6.188 6.151 6.114 6.077 6.040 6.003 5.966 5.929 5.892 5.855 5.818 5.781 5.744 5.707 5.670 5.633 5.596 5.559 5.522 5.485 5.448 5.411 5.374 5.337 5.300 5.263 5.226 5.189 5.152 5.115 5.078 5.041 5.004 4.966 4.929 4.892 4.855 4.818 4.781 4.744 4.707 4.670 4.633 4.596 4.559 4.522 4.485 4.448 4.411 4.374 4.337 4.300 4.263 4.226 4.189 4.152 4.115 4.078 4.041 4.004 3.967 3.930 3.893 3.856 3.819 3.782 3.745 3.708 3.670 3.633 3.596 3.559
6.263 6.226 6.189 6.152 6.115 6.077 6.040 6.003 5.966 5.929 5.892 5.855 5.818 5.781 5.744 5.707 5.670 5.633 5.596 5.559 5.522 5.485 5.448 5.411 5.374 5.337 5.300 5.263 5.226 5.189 5.152 5.115 5.078 5.041 5.004 4.967 4.930 4.893 4.856 4.819 4.782 4.744 4.707 4.670 4.633 4.596 4.559 4.522 4.485 4.448 4.411 4.374 4.337 4.300 4.263 4.226 4.189 4.152 4.115 4.078 4.041 4.004 3.967 3.930 3.893 3.856 3.819 3.782 3.745 3.708 3.671 3.634 3.597 3.560
6.263 6.226 6.189 6.152 6.115 6.078 6.041 6.004 5.967 5.930 5.893 5.856 5.819 5.781 5.744 5.707 5.670 5.633 5.596 5.559 5.522 5.485 5.448 5.411 5.374 5.337 5.300 5.263 5.226 5.189 5.152 5.115 5.078 5.041 5.004 4.967 4.930 4.893 4.856 4.819 4.782 4.745 4.708 4.671 4.634 4.597 4.560 4.523 4.486 4.448 4.411 4.374 4.337 4.300 4.263 4.226 4.189 4.152 4.115 4.078 4.041 4.004 3.967 3.930 3.893 3.856 3.819 3.782 3.745 3.708 3.671 3.634 3.597 3.560
6.263 6.226 6.189 6.152 6.115 6.078 6.041 6.004 5.967 5.930 5.893 5.856 5.819 5.782 5.745 5.708 5.671 5.634 5.597 5.560 5.523 5.486 5.449 5.411 5.374 5.337 5.300 5.263 5.226 5.189 5.152 5.115 5.078 5.041 5.004 4.967 4.930 4.893 4.856 4.819 4.782 4.745 4.708 4.671 4.634 4.597 4.560 4.523 4.486 4.449 4.412 4.375 4.338 4.301 4.264 4.227 4.190 4.153 4.116 4.079 4.041 4.004 3.967 3.930 3.893 3.856 3.819 3.782 3.745 3.708 3.671 3.634 3.597 3.560
6.263 6.226 6.189 6.152 6.115 6.078 6.041 6.004 5.967 5.930 5.893 5.856 5.819 5.782 5.745 5.708 5.671 5.634 5.597 5.560 5.523 5.486 5.449 5.412 5.375 5.338 5.301 5.264 5.227 5.190 5.153 5.116 5.079 5.042 5.005 4.968 4.930 4.893 4.856 4.819 4.782 4.745 4.708 4.671 4.634 4.597 4.560 4.523 4.486 4.449 4.412 4.375 4.338 4.301 4.264 4.227 4.190 4.153 4.116 4.079 4.042 4.005 3.968 3.931 3.894 3.857 3.820 3.783 3.746 3.709 3.672 3.635 3.598 3.561
6.264 6.227 6.190 6.153 6.116 6.079 6.042 6.005 5.968 5.931 5.894 5.857 5.819 5.782 5.745 5.708 5.671 5.634 5.597 5.560 5.523 5.486 5.449 5.412 5.375 5.338 5.301 5.264 5.227 5.190 5.153 5.116 5.079 5.042 5.005 4.968 4.931 4.894 4.857 4.820 4.783 4.746 4.709 4.672 4.635 4.598 4.561 4.524 4.487 4.450 4.413 4.376 4.338 4.301 4.264 4.227 4.190 4.153 4.116 4.079 4.042 4.005 3.968 3.931 3.894 3.857 3.820 3.783 3.746 3.709 3.672 3.635 3.598 3.561
6.264 6.227 6.190 6.153 6.116 6.079 6.042 6.005 5.968 5.931 5.894 5.857 5.820 5.783 5.746 5.709 5.672 5.635 5.598 5.561 5.524 5.487 5.450 5.413 5.376 5.339 5.302 5.265 5.228 5.191 5.154 5.116 5.079 5.042 5.005 4.968 4.931 4.894 4.857 4.820 4.783 4.746 4.709 4.672 4.635 4.598 4.561 4.524 4.487 4.450 4.413 4.376 4.339 4.302 4.265 4.228 4.191 4.154 4.117 4.080 4.043 4.006 3.969 3.932 3.895 3.858 3.821 3.784 3.747 3.710 3.673 3.636 3.599 3.561
6.265 6.228 6.191 6.154 6.117 6.080 6.043 6.006 5.969 5.932 5.894 5.857 5.820 5.783 5.746 5.709 5.672 5.635 5.598 5.561 5.524 5.487 5.450 5.413 5.376 5.339 5.302 5.265 5.228 5.191 5.154 5.117 5.080 5.043 5.006 4.969 4.932 4.895 4.858 4.821 4.784 4.747 4.710 4.673 4.636 4.599 4.562 4.525 4.488 4.451 4.414 4.377 4.340 4.303 4.266 4.228 4.191 4.154 4.117 4.080 4.043 4.006 3.969 3.932 3.895 3.858 3.821 3.784 3.747 3.710 3.673 3.636 3.599 3.562
6.265 6.228 6.191 6.154 6.117 6.080 6.043 6.006 5.969 5.932 5.895 5.858 5.821 5.784 5.747 5.710 5.673 5.636 5.599 5.562 5.525 5.488 5.451 5.414 5.377 5.340 5.303 5.266 5.229 5.192 5.155 5.118 5.081 5.044 5.007 4.970 4.933 4.895 4.858 4.821 4.784 4.747 4.710 4.673 4.636 4.599 4.562 4.525 4.488 4.451 4.414 4.377 4.340 4.303 4.266 4.229 4.192 4.155 4.118 4.081 4.044 4.007 3.970 3.933 3.896 3.859 3.822 3.785 3.748 3.711 3.674 3.637 3.600 3.563
6.266 6.229 6.192 6.155 6.118 6.081 6.044 6.007 5.970 5.933 5.896 5.859 5.822 5.785 5.748 5.711 5.674 5.637 5.600 5.563 5.525 5.488 5.451 5.414 5.377 5.340 5.303 5.266 5.229 5.192 5.155 5.118 5.081 5.044 5.007 4.970 4.933 4.896 4.859 4.822 4.785 4.748 4.711 4.674 4.637 4.600 4.563 4.526 4.489 4.452 4.415 4.378 4.341 4.304 4.267 4.230 4.193 4.156 4.119 4.082 4.045 4.008 3.971 3.934 3.897 3.860 3.823 3.786 3.749 3.712 3.675 3.638 3.600 3.563
6.267 6.230 6.193 6.155 6.118 6.081 6.044 6.007 5.970 5.933 5.896 5.859 5.822 5.785 5.748 5.711 5.674 5.637 5.600 5.563 5.526 5.489 5.452 5.415 5.378 5.341 5.304 5.267 5.230 5.193 5.156 5.119 5.082 5.045 5.008 4.971 4.934 4.897 4.860 4.823 4.786 4.749 4.712 4.675 4.638 4.601 4.564 4.527 4.490 4.453 4.416 4.379 4.342 4.305 4.268 4.231 4.194 4.157 4.120 4.083 4.046 4.008 3.971 3.934 3.897 3.860 3.823 3.786 3.749 3.712 3.675 3.638 3.601 3.564
6.267 6.230 6.193 6.156 6.119 6.082 6.045 6.008 5.971 5.934 5.897 5.860 5.823 5.786 5.749 5.712 5.675 5.638 5.601 5.564 5.527 5.490 5.453 5.416 5.379 5.342 5.305 5.268 5.231 5.194 5.157 5.120 5.083 5.046 5.009 4.972 4.935 4.898 4.861 4.824 4.787 4.750 4.713 4.676 4.639 4.602 4.565 4.528 4.491 4.454 4.416 4.379 4.342 4.305 4.268 4.231 4.194 4.157 4.120 4.083 4.046 4.009 3.972 3.935 3.898 3.861 3.824 3.787 3.750 3.713 3.676 3.639 3.602 3.565
6.268 6.231 6.194 6.157 6.120 6.083 6.046 6.009 5.972 5.935 5.898 5.861 5.824 5.787 5.750 5.713 5.676 5.639 5.602 5.565 5.528 5.491 5.454 5.417 5.380 5.343 5.306 5.269 5.232 5.195 5.158 5.121 5.084 5.047 5.010 4.973 4.936 4.899 4.862 4.825 4.788 4.751 4.713 4.676 4.639 4.602 4.565 4.528 4.491 4.454 4.417 4.380 4.343 4.306 4.269 4.232 4.195 4.158 4.121 4.084 4.047 4.010 3.973 3.936 3.899 3.862 3.825 3.788 3.751 3.714 3.677 3.640 3.603 3.566
6.269 6.232 6.195 6.158 6.121 6.084 6.047 6.010 5.973 5.936 5.899 5.862 5.825 5.788 5.751 5.714 5.677 5.640 5.603 5.566 5.529 5.492 5.455 5.418 5.381 5.344 5.307 5.270 5.233 5.196 5.159 5.122 5.085 5.048 5.011 4.974 4.936 4.899 4.862 4.825 4.788 4.751 4.714 4.677 4.640 4.603 4.566 4.529 4.492 4.455 4.418 4.381 4.344 4.307 4.270 4.233 4.196 4.159 4.122 4.085 4.048 4.011 3.974 3.937 3.900 3.863 3.826 3.789 3.752 3.715 3.678 3.641 3.604 3.567
6.270 6.233 6.196 6.159 6.122 6.085 6.048 6.011 5.974 5.937 5.900 5.863 5.826 5.789 5.752 5.715 5.678 5.641 5.604 5.567 5.530 5.493 5.456 5.419 5.382 5.345 5.308 5.271 5.234 5.197 5.160 5.123 5.086 5.049 5.011 4.974 4.937 4.900 4.863 4.826 4.789 4.752 4.715 4.678 4.641 4.604 4.567 4.530 4.493 4.456 4.419 4.382 4.345 4.308 4.271 4.234 4.197 4.160 4.123 4.086 4.049 4.012 3.975 3.938 3.901 3.864 3.827 3.790 3.753 3.716 3.679 3.642 3.605 3.568
6.271 6.234 6.197 6.160 6.123 6.086 6.049 6.012 5.975 5.938 5.901 5.864 5.827 5.790 5.753 5.716 5.679 5.642 5.605 5.568 5.531 5.494 5.457 5.420 5.383 5.346 5.309 5.272 5.235 5.198 5.161 5.124 5.087 5.050 5.013 4.976 4.939 4.902 4.865 4.828 4.791 4.753 4.716 4.679 4.642 4.605 4.568 4.531 4.494 4.457 4.420 4.383 4.346 4.309 4.272 4.235 4.198 4.161 4.124 4.087 4.050 4.013 3.976 3.939 3.902 3.865 3.828 3.791 3.754 3.717 3.680 3.643 3.606 3.569
6.272 6.235 6.198 6.161 6.124 6.087 6.050 6.013 5.976 5.939 5.902 5.865 5.828 5.791 5.754 5.717 5.680 5.643 5.606 5.569 5.532 5.495 5.458 5.421 5.384 5.347 5.310 5.273 5.236 5.199 5.162 5.125 5.088 5.051 5.014 4.977 4.940 4.903 4.866 4.829 4.792 4.755 4.718 4.681 4.644 4.607 4.570 4.533 4.496 4.459 4.422 4.385 4.348 4.311 4.274 4.237 4.200 4.163 4.126 4.089 4.052 4.015 3.978 3.941 3.904 3.867 3.830 3.793 3.756 3.719 3.682 3.645 3.608 3.571
6.273 6.236 6.199 6.162 6.125 6.088 6.051 6.014 5.977 5.940 5.903 5.866 5.829 5.792 5.755 5.718 5.681 5.644 5.607 5.570 5.533 5.496 5.459 5.422 5.385 5.348 5.311 5.274 5.237 5.200 5.163 5.126 5.089 5.052 5.015 4.978 4.941 4.904 4.867 4.830 4.793 4.756 4.719 4.682 4.645 4.608 4.571 4.534 4.497 4.460 4.423 4.386 4.349 4.312 4.275 4.238 4.201 4.164 4.127 4.090 4.053 4.016 3.979 3.942 3.905 3.868 3.831 3.794 3.757 3.720 3.683 3.646 3.609 3.572
6.274 6.237 6.200 6.163 6.126 6.089 6.052 6.015 5.978 5.941 5.904 5.867 5.830 5.793 5.756 5.719 5.682 5.645 5.608 5.571 5.534 5.497 5.460 5.423 5.386 5.349 5.312 5.275 5.238 5.201 5.164 5.127 5.090 5.053 5.016 4.979 4.942 4.905 4.868 4.831 4.794 4.757 4.720 4.683 4.646 4.609 4.572 4.535 4.498 4.461 4.424 4.387 4.350 4.313 4.276 4.239 4.202 4.165 4.128 4.091 4.054 4.017 3.980 3.943 3.906 3.869 3.832 3.795 3.758 3.721 3.684 3.647 3.610 3.573
6.275 6.238 6.201 6.164 6.127 6.090 6.053 6.016 5.979 5.942 5.905 5.868 5.831 5.794 5.757 5.720 5.683 5.646 5.609 5.572 5.535 5.498 5.461 5.424 5.387 5.350 5.313 5.276 5.239 5.202 5.165 5.128 5.091 5.054 5.017 4.980 4.943 4.906 4.869 4.832 4.795 4.758 4.721 4.684 4.647 4.610 4.573 4.536 4.499 4.462 4.425 4.388 4.351 4.314 4.277 4.240 4.203 4.166 4.129 4.092 4.055 4.018 3.981 3.944 3.908 3.871 3.834 3.797 3.760 3.723 3.686 3.649 3.612 3.575
6.276 6.239 6.202 6.165 6.128 6.091 6.054 6.017 5.980 5.943 5.906 5.869 5.832 5.795 5.759 5.722 5.685 5.648 5.611 5.574 5.537 5.500 5.463 5.426 5.389 5.352 5.315 5.278 5.241 5.204 5.167 5.130 5.093 5.056 5.019 4.982 4.945 4.908 4.871 4.834 4.797 4.760 4.723 4.686 4.649 4.612 4.575 4.538 4.501 4.464 4.427 4.390 4.353 4.316 4.279 4.242 4.205 4.168 4.131 4.094 4.057 4.020 3.983 3.946 3.909 3.872 3.835 3.798 3.761 3.724 3.687 3.650 3.613 3.576
6.278 6.241 6.204 6.167 6.130 6.093 6.056 6.019 5.982 5.945 5.908 5.871 5.834 5.797 5.760 5.723 5.686 5.649 5.612 5.575 5.538 5.501 5.464 5.427 5.390 5.353 5.316 5.279 5.242 5.205 5.168 5.131 5.094 5.057 5.020 4.983 4.946 4.909 4.872 4.835 4.798 4.761 4.724 4.687 4.650 4.613 4.576 4.539 4.502 4.465 4.428 4.391 4.354 4.317 4.280 4.243 4.206 4.169 4.132 4.095 4.058 4.021 3.984 3.947 3.910 3.873 3.837 3.800 3.763 3.726 3.689 3.652 3.615 3.578
6.279 6.242 6.205 6.168 6.131 6.094 6.057 6.020 5.983 5.946 5.909 5.872 5.835 5.798 5.761 5.724 5.687 5.650 5.613 5.576 5.539 5.502 5.465 5.428 5.391 5.354 5.317 5.280 5.243 5.207 5.170 5.133 5.096 5.059 5.022 4.985 4.948 4.911 4.874 4.837 4.800 4.763 4.726 4.689 4.652 4.615 4.578 4.541 4.504 4.467 4.430 4.393 4.356 4.319 4.282 4.245 4.208 4.171 4.134 4.097 4.060 4.023 3.986 3.949 3.912 3.875 3.838 3.801 3.764 3.727 3.690 3.653 3.616 3.579
6.280 6.243 6.206 6.169 6.133 6.096 6.059 6.022 5.985 5.948 5.911 5.874 5.837 5.800 5.763 5.726 5.689 5.652 5.615 5.578 5.541 5.504 5.467 5.430 5.393 5.356 5.319 5.282 5.245 5.208 5.171 5.134 5.097 5.060 5.023 4.986 4.949 4.912 4.875 4.838 4.801 4.764 4.727 4.690 4.653 4.616 4.579 4.542 4.505 4.468 4.431 4.394 4.357 4.321 4.284 4.247 4.210 4.173 4.136 4.099 4.062 4.025 3.988 3.951 3.914 3.877 3.840 3.803 3.766 3.729 3.692 3.655 3.618 3.581
6.282 6.245 6.208 6.171 6.134 6.097 6.060 6.023 5.986 5.949 5.912 5.875 5.838 5.801 5.764 5.727 5.690 5.653 5.616 5.579 5.542 5.505 5.468 5.431 5.394 5.358 5.321 5.284 5.247 5.210 5.173 5.136 5.099 5.062 5.025 4.988 4.951 4.914 4.877 4.840 4.803 4.766 4.729 4.692 4.655 4.618 4.581 4.544 4.507 4.470 4.433 4.396 4.359 4.322 4.285 4.248 4.211 4.174 4.137 4.100 4.063 4.026 3.989 3.952 3.915 3.878 3.841 3.805 3.768 3.731 3.694 3.657 3.620 3.583
6.283 6.246 6.209 6.173 6.136 6.099 6.062 6.025 5.988 5.951 5.914 5.877 5.840 5.803 5.766 5.729 5.692 5.655 5.618 5.581 5.544 5.507 5.470 5.433 5.396 5.359 5.322 5.285 5.248 5.211 5.174 5.137 5.100 5.063 5.026 4.989 4.952 4.915 4.878 4.842 4.805 4.768 4.731 4.694 4.657 4.620 4.583 4.546 4.509 4.472 4.435 4.398 4.361 4.324 4.287 4.250 4.213 4.176 4.139 4.102 4.065 4.028 3.991 3.954 3.917 3.880 3.843 3.806 3.769 3.732 3.695 3.658 3.621 3.584
