in/test_suite/GMD2017/CliffFineSandBays/consolidated_fine_01.asc
ncols	500
nrows	1000
xllcorner	1.000
yllcorner	1.000
cellsize	1.000
NODATA_value	-9999.000
[rows 320 to 351 of 1000, columns 216 to 287 of 500]
49.198 49.056 48.914 48.772 48.630 48.488 48.346 48.204 48.062 47.920 47.778 47.636 47.494 47.353 47.211 47.069 46.927 46.785 46.643 46.501 46.359 46.217 46.075 45.933 45.791 45.649 45.507 45.365 45.223 45.081 44.939 44.797 44.656 44.514 44.372 44.230 44.088 43.946 43.804 43.662 43.520 43.378 43.236 43.094 42.952 42.810 42.668 42.526 42.384 42.242 42.101 41.959 41.817 41.675 41.533 41.391 41.249 41.107 40.965 40.823 40.681 40.539 40.397 40.255 40.113 39.971 39.829 39.687 39.546 39.404 39.262 39.120
49.212 49.070 48.928 48.786 48.645 48.503 48.361 48.219 48.077 47.935 47.793 47.651 47.510 47.368 47.226 47.084 46.942 46.800 46.658 46.516 46.375 46.233 46.091 45.949 45.807 45.665 45.523 45.381 45.240 45.098 44.956 44.814 44.672 44.530 44.388 44.246 44.104 43.963 43.821 43.679 43.537 43.395 43.253 43.111 42.969 42.828 42.686 42.544 42.402 42.260 42.118 41.976 41.834 41.693 41.551 41.409 41.267 41.125 40.983 40.841 40.699 40.557 40.416 40.274 40.132 39.990 39.848 39.706 39.564 39.422 39.281 39.139
49.226 49.085 48.943 48.801 48.659 48.517 48.376 48.234 48.092 47.950 47.808 47.667 47.525 47.383 47.241 47.099 46.957 46.816 46.674 46.532 46.390 46.248 46.107 45.965 45.823 45.681 45.539 45.398 45.256 45.114 44.972 44.830 44.688 44.547 44.405 44.263 44.121 43.979 43.838 43.696 43.554 43.412 43.270 43.128 42.987 42.845 42.703 42.561 42.419 42.278 42.136 41.994 41.852 41.710 41.569 41.427 41.285 41.143 41.001 40.859 40.718 40.576 40.434 40.292 40.150 40.009 39.867 39.725 39.583 39.441 39.300 39.158
49.241 49.099 48.957 48.816 48.674 48.532 48.390 48.249 48.107 47.965 47.823 47.682 47.540 47.398 47.256 47.115 46.973 46.831 46.689 46.548 46.406 46.264 46.122 45.981 45.839 45.697 45.555 45.414 45.272 45.130 44.988 44.847 44.705 44.563 44.421 44.280 44.138 43.996 43.854 43.713 43.571 43.429 43.287 43.146 43.004 42.862 42.720 42.579 42.437 42.295 42.153 42.012 41.870 41.728 41.586 41.445 41.303 41.161 41.019 40.878 40.736 40.594 40.452 40.311 40.169 40.027 39.885 39.744 39.602 39.460 39.318 39.177
49.255 49.113 48.972 48.830 48.688 48.547 48.405 48.263 48.122 47.980 47.838 47.697 47.555 47.413 47.272 47.130 46.988 46.847 46.705 46.563 46.422 46.280 46.138 45.997 45.855 45.713 45.571 45.430 45.288 45.146 45.005 44.863 44.721 44.580 44.438 44.296 44.155 44.013 43.871 43.730 43.588 43.446 43.305 43.163 43.021 42.880 42.738 42.596 42.454 42.313 42.171 42.029 41.888 41.746 41.604 41.463 41.321 41.179 41.038 40.896 40.754 40.613 40.471 40.329 40.188 40.046 39.904 39.763 39.621 39.479 39.337 39.196
49.270 49.128 48.986 48.845 48.703 48.561 48.420 48.278 48.137 47.995 47.853 47.712 47.570 47.429 47.287 47.145 47.004 46.862 46.720 46.579 46.437 46.296 46.154 46.012 45.871 45.729 45.588 45.446 45.304 45.163 45.021 44.879 44.738 44.596 44.455 44.313 44.171 44.030 43.888 43.747 43.605 43.463 43.322 43.180 43.038 42.897 42.755 42.614 42.472 42.330 42.189 42.047 41.906 41.764 41.622 41.481 41.339 41.198 41.056 40.914 40.773 40.631 40.489 40.348 40.206 40.065 39.923 39.781 39.640 39.498 39.357 39.215
49.284 49.142 49.001 48.859 48.718 48.576 48.435 48.293 48.152 48.010 47.868 47.727 47.585 47.444 47.302 47.161 47.019 46.878 46.736 46.595 46.453 46.311 46.170 46.028 45.887 45.745 45.604 45.462 45.321 45.179 45.037 44.896 44.754 44.613 44.471 44.330 44.188 44.047 43.905 43.764 43.622 43.480 43.339 43.197 43.056 42.914 42.773 42.631 42.490 42.348 42.207 42.065 41.923 41.782 41.640 41.499 41.357 41.216 41.074 40.933 40.791 40.649 40.508 40.366 40.225 40.083 39.942 39.800 39.659 39.517 39.376 39.234
49.298 49.157 49.015 48.874 48.732 48.591 48.449 48.308 48.166 48.025 47.884 47.742 47.601 47.459 47.318 47.176 47.035 46.893 46.752 46.610 46.469 46.327 46.186 46.044 45.903 45.761 45.620 45.478 45.337 45.195 45.054 44.912 44.771 44.629 44.488 44.346 44.205 44.063 43.922 43.781 43.639 43.498 43.356 43.215 43.073 42.932 42.790 42.649 42.507 42.366 42.224 42.083 41.941 41.800 41.658 41.517 41.375 41.234 41.092 40.951 40.809 40.668 40.526 40.385 40.243 40.102 39.960 39.819 39.678 39.536 39.395 39.253
49.313 49.171 49.030 48.888 48.747 48.606 48.464 48.323 48.181 48.040 47.899 47.757 47.616 47.474 47.333 47.191 47.050 46.909 46.767 46.626 46.484 46.343 46.202 46.060 45.919 45.777 45.636 45.495 45.353 45.212 45.070 44.929 44.787 44.646 44.505 44.363 44.222 44.080 43.939 43.798 43.656 43.515 43.373 43.232 43.090 42.949 42.808 42.666 42.525 42.383 42.242 42.101 41.959 41.818 41.676 41.535 41.393 41.252 41.111 40.969 40.828 40.686 40.545 40.404 40.262 40.121 39.979 39.838 39.696 39.555 39.414 39.272
49.327 49.186 49.044 48.903 48.762 48.620 48.479 48.338 48.196 48.055 47.914 47.772 47.631 47.490 47.348 47.207 47.066 46.924 46.783 46.642 46.500 46.359 46.217 46.076 45.935 45.793 45.652 45.511 45.369 45.228 45.087 44.945 44.804 44.663 44.521 44.380 44.239 44.097 43.956 43.815 43.673 43.532 43.390 43.249 43.108 42.966 42.825 42.684 42.542 42.401 42.260 42.118 41.977 41.836 41.694 41.553 41.412 41.270 41.129 40.988 40.846 40.705 40.563 40.422 40.281 40.139 39.998 39.857 39.715 39.574 39.433 39.291
49.342 49.200 49.059 48.918 48.776 48.635 48.494 48.353 48.211 48.070 47.929 47.787 47.646 47.505 47.364 47.222 47.081 46.940 46.798 46.657 46.516 46.375 46.233 46.092 45.951 45.809 45.668 45.527 45.386 45.244 45.103 44.962 44.821 44.679 44.538 44.397 44.255 44.114 43.973 43.832 43.690 43.549 43.408 43.266 43.125 42.984 42.843 42.701 42.560 42.419 42.277 42.136 41.995 41.854 41.712 41.571 41.430 41.288 41.147 41.006 40.865 40.723 40.582 40.441 40.299 40.158 40.017 39.876 39.734 39.593 39.452 39.310
49.356 49.215 49.074 48.932 48.791 48.650 48.509 48.367 48.226 48.085 47.944 47.803 47.661 47.520 47.379 47.238 47.097 46.955 46.814 46.673 46.532 46.390 46.249 46.108 45.967 45.826 45.684 45.543 45.402 45.261 45.119 44.978 44.837 44.696 44.555 44.413 44.272 44.131 43.990 43.849 43.707 43.566 43.425 43.284 43.142 43.001 42.860 42.719 42.578 42.436 42.295 42.154 42.013 41.871 41.730 41.589 41.448 41.307 41.165 41.024 40.883 40.742 40.601 40.459 40.318 40.177 40.036 39.894 39.753 39.612 39.471 39.330
49.370 49.229 49.088 48.947 48.806 48.665 48.524 48.382 48.241 48.100 47.959 47.818 47.677 47.535 47.394 47.253 47.112 46.971 46.830 46.689 46.547 46.406 46.265 46.124 45.983 45.842 45.700 45.559 45.418 45.277 45.136 44.995 44.854 44.712 44.571 44.430 44.289 44.148 44.007 43.866 43.724 43.583 43.442 43.301 43.160 43.019 42.877 42.736 42.595 42.454 42.313 42.172 42.031 41.889 41.748 41.607 41.466 41.325 41.184 41.043 40.901 40.760 40.619 40.478 40.337 40.196 40.054 39.913 39.772 39.631 39.490 39.349
49.385 49.244 49.103 48.962 48.820 48.679 48.538 48.397 48.256 48.115 47.974 47.833 47.692 47.551 47.410 47.269 47.127 46.986 46.845 46.704 46.563 46.422 46.281 46.140 45.999 45.858 45.717 45.576 45.434 45.293 45.152 45.011 44.870 44.729 44.588 44.447 44.306 44.165 44.024 43.883 43.741 43.600 43.459 43.318 43.177 43.036 42.895 42.754 42.613 42.472 42.331 42.190 42.048 41.907 41.766 41.625 41.484 41.343 41.202 41.061 40.920 40.779 40.638 40.497 40.355 40.214 40.073 39.932 39.791 39.650 39.509 39.368
49.380 49.239 49.098 48.957 48.816 48.674 48.533 48.392 48.251 48.110 47.969 47.828 47.687 47.546 47.405 47.263 47.122 46.981 46.840 46.699 46.558 46.417 46.276 46.135 45.993 45.852 45.711 45.570 45.429 45.288 45.147 45.006 44.865 44.724 44.582 44.441 44.300 44.159 44.018 43.877 43.736 43.595 43.454 43.312 43.171 43.030 42.889 42.748 42.607 42.466 42.325 42.184 42.043 41.901 41.760 41.619 41.478 41.337 41.196 41.055 40.914 40.773 40.631 40.490 40.349 40.208 40.067 39.926 39.785 39.644 39.503 39.362
49.366 49.224 49.083 48.942 48.801 48.660 48.519 48.377 48.236 48.095 47.954 47.813 47.672 47.530 47.389 47.248 47.107 46.966 46.824 46.683 46.542 46.401 46.260 46.119 45.977 45.836 45.695 45.554 45.413 45.272 45.130 44.989 44.848 44.707 44.566 44.425 44.283 44.142 44.001 43.860 43.719 43.578 43.436 43.295 43.154 43.013 42.872 42.730 42.589 42.448 42.307 42.166 42.025 41.883 41.742 41.601 41.460 41.319 41.178 41.036 40.895 40.754 40.613 40.472 40.331 40.189 40.048 39.907 39.766 39.625 39.484 39.342
49.351 49.210 49.069 48.927 48.786 48.645 48.504 48.363 48.221 48.080 47.939 47.798 47.656 47.515 47.374 47.233 47.091 46.950 46.809 46.668 46.526 46.385 46.244 46.103 45.961 45.820 45.679 45.538 45.396 45.255 45.114 44.973 44.832 44.690 44.549 44.408 44.267 44.125 43.984 43.843 43.702 43.560 43.419 43.278 43.137 42.995 42.854 42.713 42.572 42.430 42.289 42.148 42.007 41.866 41.724 41.583 41.442 41.301 41.159 41.018 40.877 40.736 40.594 40.453 40.312 40.171 40.029 39.888 39.747 39.606 39.464 39.323
49.337 49.195 49.054 48.913 48.772 48.630 48.489 48.348 48.206 48.065 47.924 47.782 47.641 47.500 47.358 47.217 47.076 46.935 46.793 46.652 46.511 46.369 46.228 46.087 45.945 45.804 45.663 45.522 45.380 45.239 45.098 44.956 44.815 44.674 44.532 44.391 44.250 44.108 43.967 43.826 43.685 43.543 43.402 43.261 43.119 42.978 42.837 42.695 42.554 42.413 42.271 42.130 41.989 41.848 41.706 41.565 41.424 41.282 41.141 41.000 40.858 40.717 40.576 40.435 40.293 40.152 40.011 39.869 39.728 39.587 39.445 39.304
49.322 49.181 49.040 48.898 48.757 48.615 48.474 48.333 48.191 48.050 47.909 47.767 47.626 47.485 47.343 47.202 47.060 46.919 46.778 46.636 46.495 46.354 46.212 46.071 45.929 45.788 45.647 45.505 45.364 45.223 45.081 44.940 44.798 44.657 44.516 44.374 44.233 44.092 43.950 43.809 43.667 43.526 43.385 43.243 43.102 42.961 42.819 42.678 42.537 42.395 42.254 42.112 41.971 41.830 41.688 41.547 41.406 41.264 41.123 40.981 40.840 40.699 40.557 40.416 40.275 40.133 39.992 39.850 39.709 39.568 39.426 39.285
49.308 49.166 49.025 48.884 48.742 48.601 48.459 48.318 48.176 48.035 47.894 47.752 47.611 47.469 47.328 47.186 47.045 46.903 46.762 46.621 46.479 46.338 46.196 46.055 45.913 45.772 45.631 45.489 45.348 45.206 45.065 44.923 44.782 44.640 44.499 44.358 44.216 44.075 43.933 43.792 43.650 43.509 43.368 43.226 43.085 42.943 42.802 42.660 42.519 42.377 42.236 42.095 41.953 41.812 41.670 41.529 41.387 41.246 41.105 40.963 40.822 40.680 40.539 40.397 40.256 40.114 39.973 39.832 39.690 39.549 39.407 39.266
49.294 49.152 49.011 48.869 48.728 48.586 48.445 48.303 48.161 48.020 47.878 47.737 47.595 47.454 47.312 47.171 47.029 46.888 46.746 46.605 46.463 46.322 46.180 46.039 45.897 45.756 45.614 45.473 45.331 45.190 45.048 44.907 44.765 44.624 44.482 44.341 44.199 44.058 43.916 43.775 43.633 43.492 43.350 43.209 43.067 42.926 42.784 42.643 42.501 42.360 42.218 42.077 41.935 41.794 41.652 41.511 41.369 41.228 41.086 40.945 40.803 40.662 40.520 40.379 40.237 40.096 39.954 39.813 39.671 39.530 39.388 39.247
49.279 49.138 48.996 48.854 48.713 48.571 48.430 48.288 48.147 48.005 47.863 47.722 47.580 47.439 47.297 47.156 47.014 46.872 46.731 46.589 46.448 46.306 46.165 46.023 45.881 45.740 45.598 45.457 45.315 45.174 45.032 44.890 44.749 44.607 44.466 44.324 44.183 44.041 43.899 43.758 43.616 43.475 43.333 43.192 43.050 42.908 42.767 42.625 42.484 42.342 42.201 42.059 41.917 41.776 41.634 41.493 41.351 41.210 41.068 40.926 40.785 40.643 40.502 40.360 40.219 40.077 39.935 39.794 39.652 39.511 39.369 39.228
49.265 49.123 48.981 48.840 48.698 48.557 48.415 48.273 48.132 47.990 47.848 47.707 47.565 47.423 47.282 47.140 46.999 46.857 46.715 46.574 46.432 46.290 46.149 46.007 45.865 45.724 45.582 45.441 45.299 45.157 45.016 44.874 44.732 44.591 44.449 44.307 44.166 44.024 43.883 43.741 43.599 43.458 43.316 43.174 43.033 42.891 42.749 42.608 42.466 42.325 42.183 42.041 41.900 41.758 41.616 41.475 41.333 41.191 41.050 40.908 40.767 40.625 40.483 40.342 40.200 40.058 39.917 39.775 39.633 39.492 39.350 39.209
49.250 49.109 48.967 48.825 48.684 48.542 48.400 48.258 48.117 47.975 47.833 47.692 47.550 47.408 47.267 47.125 46.983 46.841 46.700 46.558 46.416 46.275 46.133 45.991 45.850 45.708 45.566 45.424 45.283 45.141 44.999 44.858 44.716 44.574 44.432 44.291 44.149 44.007 43.866 43.724 43.582 43.441 43.299 43.157 43.015 42.874 42.732 42.590 42.449 42.307 42.165 42.024 41.882 41.740 41.598 41.457 41.315 41.173 41.032 40.890 40.748 40.606 40.465 40.323 40.181 40.040 39.898 39.756 39.615 39.473 39.331 39.189
49.236 49.094 48.952 48.811 48.669 48.527 48.385 48.244 48.102 47.960 47.818 47.677 47.535 47.393 47.251 47.109 46.968 46.826 46.684 46.542 46.401 46.259 46.117 45.975 45.834 45.692 45.550 45.408 45.266 45.125 44.983 44.841 44.699 44.558 44.416 44.274 44.132 43.991 43.849 43.707 43.565 43.423 43.282 43.140 42.998 42.856 42.715 42.573 42.431 42.289 42.148 42.006 41.864 41.722 41.580 41.439 41.297 41.155 41.013 40.872 40.730 40.588 40.446 40.305 40.163 40.021 39.879 39.737 39.596 39.454 39.312 39.170
49.222 49.080 48.938 48.796 48.654 48.513 48.371 48.229 48.087 47.945 47.803 47.661 47.520 47.378 47.236 47.094 46.952 46.810 46.669 46.527 46.385 46.243 46.101 45.959 45.818 45.676 45.534 45.392 45.250 45.108 44.967 44.825 44.683 44.541 44.399 44.257 44.116 43.974 43.832 43.690 43.548 43.406 43.265 43.123 42.981 42.839 42.697 42.555 42.414 42.272 42.130 41.988 41.846 41.704 41.563 41.421 41.279 41.137 40.995 40.853 40.712 40.570 40.428 40.286 40.144 40.002 39.861 39.719 39.577 39.435 39.293 39.151
49.207 49.065 48.924 48.782 48.640 48.498 48.356 48.214 48.072 47.930 47.788 47.646 47.505 47.363 47.221 47.079 46.937 46.795 46.653 46.511 46.369 46.227 46.086 45.944 45.802 45.660 45.518 45.376 45.234 45.092 44.950 44.808 44.667 44.525 44.383 44.241 44.099 43.957 43.815 43.673 43.531 43.389 43.247 43.106 42.964 42.822 42.680 42.538 42.396 42.254 42.112 41.970 41.828 41.687 41.545 41.403 41.261 41.119 40.977 40.835 40.693 40.551 40.409 40.268 40.126 39.984 39.842 39.700 39.558 39.416 39.274 39.132
49.193 49.051 48.909 48.767 48.625 48.483 48.341 48.199 48.057 47.915 47.773 47.631 47.489 47.347 47.205 47.064 46.922 46.780 46.638 46.496 46.354 46.212 46.070 45.928 45.786 45.644 45.502 45.360 45.218 45.076 44.934 44.792 44.650 44.508 44.366 44.224 44.082 43.940 43.798 43.656 43.514 43.372 43.230 43.088 42.946 42.805 42.663 42.521 42.379 42.237 42.095 41.953 41.811 41.669 41.527 41.385 41.243 41.101 40.959 40.817 40.675 40.533 40.391 40.249 40.107 39.965 39.823 39.681 39.539 39.397 39.255 39.113
49.179 49.037 48.895 48.753 48.611 48.469 48.327 48.185 48.042 47.900 47.758 47.616 47.474 47.332 47.190 47.048 46.906 46.764 46.622 46.480 46.338 46.196 46.054 45.912 45.770 45.628 45.486 45.344 45.202 45.060 44.918 44.776 44.634 44.492 44.350 44.208 44.066 43.924 43.781 43.639 43.497 43.355 43.213 43.071 42.929 42.787 42.645 42.503 42.361 42.219 42.077 41.935 41.793 41.651 41.509 41.367 41.225 41.083 40.941 40.799 40.657 40.515 40.373 40.231 40.089 39.947 39.805 39.663 39.520 39.378 39.236 39.094
49.164 49.022 48.880 48.738 48.596 48.454 48.312 48.170 48.028 47.886 47.743 47.601 47.459 47.317 47.175 47.033 46.891 46.749 46.607 46.465 46.322 46.180 46.038 45.896 45.754 45.612 45.470 45.328 45.186 45.044 44.901 44.759 44.617 44.475 44.333 44.191 44.049 43.907 43.765 43.623 43.480 43.338 43.196 43.054 42.912 42.770 42.628 42.486 42.344 42.202 42.060 41.917 41.775 41.633 41.491 41.349 41.207 41.065 40.923 40.781 40.639 40.496 40.354 40.212 40.070 39.928 39.786 39.644 39.502 39.360 39.218 39.075
49.150 49.008 48.866 48.724 48.582 48.439 48.297 48.155 48.013 47.871 47.729 47.586 47.444 47.302 47.160 47.018 46.876 46.733 46.591 46.449 46.307 46.165 46.023 45.880 45.738 45.596 45.454 45.312 45.170 45.027 44.885 44.743 44.601 44.459 44.317 44.174 44.032 43.890 43.748 43.606 43.464 43.321 43.179 43.037 42.895 42.753 42.611 42.468 42.326 42.184 42.042 41.900 41.758 41.615 41.473 41.331 41.189 41.047 40.905 40.762 40.620 40.478 40.336 40.194 40.052 39.909 39.767 39.625 39.483 39.341 39.199 39.057
49.136 48.994 48.852 48.709 48.567 48.425 48.283 48.140 47.998 47.856 47.714 47.571 47.429 47.287 47.145 47.003 46.860 46.718 46.576 46.434 46.291 46.149 46.007 45.865 45.722 45.580 45.438 45.296 45.154 45.011 44.869 44.727 44.585 44.442 44.300 44.158 44.016 43.873 43.731 43.589 43.447 43.305 43.162 43.020 42.878 42.736 42.593 42.451 42.309 42.167 42.024 41.882 41.740 41.598 41.456 41.313 41.171 41.029 40.887 40.744 40.602 40.460 40.318 40.175 40.033 39.891 39.749 39.607 39.464 39.322 39.180 39.038
