in/test_suite/GMD2017/CliffFineSandBays/consolidated_fine_01.asc
ncols	500
nrows	1000
xllcorner	1.000
yllcorner	1.000
cellsize	1.000
NODATA_value	-9999.000
[rows 512 to 543 of 1000, columns 360 to 431 of 500]
26.547 26.399 26.251 26.103 25.955 25.807 25.658 25.510 25.362 25.214 25.066 24.918 24.770 24.622 24.474 24.326 24.178 24.030 23.882 23.734 23.585 23.437 23.289 23.141 22.993 22.845 22.697 22.549 22.401 22.253 22.105 21.957 21.809 21.661 21.513 21.364 21.216 21.068 20.920 20.772 20.624 20.476 20.328 20.180 20.032 19.884 19.736 19.588 19.440 19.291 19.143 18.995 18.847 18.699 18.551 18.403 18.255 18.107 17.959 17.811 17.663 17.515 17.367 17.218 17.070 16.922 16.774 16.626 16.478 16.330 16.182 16.034
26.550 26.402 26.254 26.106 25.957 25.809 25.661 25.513 25.365 25.217 25.069 24.921 24.773 24.625 24.477 24.329 24.181 24.033 23.885 23.737 23.588 23.440 23.292 23.144 22.996 22.848 22.700 22.552 22.404 22.256 22.108 21.960 21.812 21.664 21.516 21.368 21.219 21.071 20.923 20.775 20.627 20.479 20.331 20.183 20.035 19.887 19.739 19.591 19.443 19.295 19.147 18.999 18.850 18.702 18.554 18.406 18.258 18.110 17.962 17.814 17.666 17.518 17.370 17.222 17.074 16.926 16.778 16.630 16.481 16.333 16.185 16.037
26.553 26.405 26.257 26.109 25.961 25.812 25.664 25.516 25.368 25.220 25.072 24.924 24.776 24.628 24.480 24.332 24.184 24.036 23.888 23.740 23.592 23.444 23.296 23.148 22.999 22.851 22.703 22.555 22.407 22.259 22.111 21.963 21.815 21.667 21.519 21.371 21.223 21.075 20.927 20.779 20.631 20.483 20.334 20.186 20.038 19.890 19.742 19.594 19.446 19.298 19.150 19.002 18.854 18.706 18.558 18.410 18.262 18.114 17.966 17.818 17.670 17.521 17.373 17.225 17.077 16.929 16.781 16.633 16.485 16.337 16.189 16.041
26.556 26.408 26.260 26.112 25.964 25.816 25.668 25.520 25.372 25.224 25.076 24.928 24.779 24.631 24.483 24.335 24.187 24.039 23.891 23.743 23.595 23.447 23.299 23.151 23.003 22.855 22.707 22.559 22.411 22.263 22.115 21.967 21.819 21.671 21.523 21.374 21.226 21.078 20.930 20.782 20.634 20.486 20.338 20.190 20.042 19.894 19.746 19.598 19.450 19.302 19.154 19.006 18.858 18.710 18.562 18.414 18.266 18.117 17.969 17.821 17.673 17.525 17.377 17.229 17.081 16.933 16.785 16.637 16.489 16.341 16.193 16.045
26.560 26.411 26.263 26.115 25.967 25.819 25.671 25.523 25.375 25.227 25.079 24.931 24.783 24.635 24.487 24.339 24.191 24.043 23.895 23.747 23.599 23.451 23.303 23.155 23.007 22.859 22.711 22.563 22.415 22.266 22.118 21.970 21.822 21.674 21.526 21.378 21.230 21.082 20.934 20.786 20.638 20.490 20.342 20.194 20.046 19.898 19.750 19.602 19.454 19.306 19.158 19.010 18.862 18.714 18.566 18.418 18.270 18.122 17.973 17.825 17.677 17.529 17.381 17.233 17.085 16.937 16.789 16.641 16.493 16.345 16.197 16.049
26.563 26.415 26.267 26.119 25.971 25.823 25.675 25.527 25.379 25.231 25.083 24.935 24.787 24.639 24.491 24.343 24.195 24.047 23.899 23.751 23.603 23.455 23.307 23.159 23.011 22.863 22.715 22.567 22.419 22.271 22.122 21.974 21.826 21.678 21.530 21.382 21.234 21.086 20.938 20.790 20.642 20.494 20.346 20.198 20.050 19.902 19.754 19.606 19.458 19.310 19.162 19.014 18.866 18.718 18.570 18.422 18.274 18.126 17.978 17.830 17.682 17.534 17.386 17.238 17.090 16.942 16.794 16.646 16.498 16.350 16.202 16.053
26.567 26.419 26.271 26.123 25.975 25.827 25.679 25.531 25.383 25.235 25.087 24.939 24.791 24.643 24.495 24.347 24.199 24.051 23.903 23.755 23.607 23.459 23.311 23.163 23.015 22.867 22.719 22.571 22.423 22.275 22.127 21.979 21.831 21.683 21.535 21.387 21.239 21.091 20.943 20.795 20.647 20.499 20.351 20.203 20.055 19.907 19.759 19.611 19.463 19.315 19.166 19.018 18.870 18.722 18.574 18.426 18.278 18.130 17.982 17.834 17.686 17.538 17.390 17.242 17.094 16.946 16.798 16.650 16.502 16.354 16.206 16.058
26.571 26.423 26.275 26.127 25.979 25.831 25.683 25.535 25.387 25.239 25.091 24.943 24.795 24.647 24.499 24.351 24.203 24.055 23.907 23.759 23.611 23.463 23.315 23.167 23.019 22.871 22.723 22.575 22.427 22.279 22.131 21.983 21.835 21.687 21.539 21.391 21.243 21.095 20.947 20.799 20.651 20.503 20.355 20.207 20.059 19.911 19.763 19.615 19.467 19.319 19.171 19.023 18.875 18.727 18.579 18.431 18.283 18.135 17.987 17.839 17.691 17.543 17.395 17.247 17.099 16.951 16.803 16.655 16.507 16.359 16.211 16.063
26.576 26.428 26.280 26.132 25.984 25.836 25.688 25.540 25.392 25.244 25.096 24.948 24.800 24.652 24.504 24.356 24.208 24.060 23.912 23.764 23.616 23.468 23.320 23.172 23.024 22.876 22.728 22.580 22.432 22.284 22.136 21.988 21.840 21.692 21.544 21.396 21.248 21.100 20.952 20.804 20.656 20.508 20.360 20.212 20.064 19.916 19.768 19.620 19.472 19.324 19.176 19.028 18.880 18.732 18.584 18.436 18.288 18.140 17.992 17.844 17.696 17.548 17.400 17.252 17.104 16.956 16.808 16.660 16.512 16.364 16.216 16.068
26.580 26.432 26.284 26.136 25.988 25.840 25.692 25.544 25.396 25.249 25.101 24.953 24.805 24.657 24.509 24.361 24.213 24.065 23.917 23.769 23.621 23.473 23.325 23.177 23.029 22.881 22.733 22.585 22.437 22.289 22.141 21.993 21.845 21.697 21.549 21.401 21.253 21.105 20.957 20.809 20.661 20.513 20.365 20.217 20.069 19.921 19.773 19.625 19.477 19.329 19.181 19.033 18.886 18.738 18.590 18.442 18.294 18.146 17.998 17.850 17.702 17.554 17.406 17.258 17.110 16.962 16.814 16.666 16.518 16.370 16.222 16.074
26.585 26.437 26.289 26.141 25.993 25.845 25.697 25.549 25.401 25.253 25.106 24.958 24.810 24.662 24.514 24.366 24.218 24.070 23.922 23.774 23.626 23.478 23.330 23.182 23.034 22.886 22.738 22.590 22.442 22.294 22.146 21.998 21.850 21.702 21.554 21.406 21.258 21.110 20.963 20.815 20.667 20.519 20.371 20.223 20.075 19.927 19.779 19.631 19.483 19.335 19.187 19.039 18.891 18.743 18.595 18.447 18.299 18.151 18.003 17.855 17.707 17.559 17.411 17.263 17.115 16.968 16.820 16.672 16.524 16.376 16.228 16.080
26.590 26.442 26.294 26.146 25.998 25.850 25.702 25.555 25.407 25.259 25.111 24.963 24.815 24.667 24.519 24.371 24.223 24.075 23.927 23.779 23.631 23.483 23.335 23.187 23.039 22.891 22.744 22.596 22.448 22.300 22.152 22.004 21.856 21.708 21.560 21.412 21.264 21.116 20.968 20.820 20.672 20.524 20.376 20.228 20.080 19.932 19.785 19.637 19.489 19.341 19.193 19.045 18.897 18.749 18.601 18.453 18.305 18.157 18.009 17.861 17.713 17.565 17.417 17.269 17.121 16.973 16.826 16.678 16.530 16.382 16.234 16.086
26.595 26.448 26.300 26.152 26.004 25.856 25.708 25.560 25.412 25.264 25.116 24.968 24.820 24.672 24.524 24.376 24.229 24.081 23.933 23.785 23.637 23.489 23.341 23.193 23.045 22.897 22.749 22.601 22.453 22.305 22.157 22.009 21.862 21.714 21.566 21.418 21.270 21.122 20.974 20.826 20.678 20.530 20.382 20.234 20.086 19.938 19.790 19.643 19.495 19.347 19.199 19.051 18.903 18.755 18.607 18.459 18.311 18.163 18.015 17.867 17.719 17.571 17.423 17.276 17.128 16.980 16.832 16.684 16.536 16.388 16.240 16.092
26.601 26.453 26.305 26.157 26.009 25.861 25.713 25.566 25.418 25.270 25.122 24.974 24.826 24.678 24.530 24.382 24.234 24.086 23.938 23.790 23.643 23.495 23.347 23.199 23.051 22.903 22.755 22.607 22.459 22.311 22.163 22.015 21.868 21.720 21.572 21.424 21.276 21.128 20.980 20.832 20.684 20.536 20.388 20.240 20.092 19.945 19.797 19.649 19.501 19.353 19.205 19.057 18.909 18.761 18.613 18.465 18.317 18.170 18.022 17.874 17.726 17.578 17.430 17.282 17.134 16.986 16.838 16.690 16.542 16.394 16.247 16.099
26.607 26.459 26.311 26.163 26.015 25.867 25.719 25.571 25.423 25.276 25.128 24.980 24.832 24.684 24.536 24.388 24.240 24.092 23.944 23.796 23.649 23.501 23.353 23.205 23.057 22.909 22.761 22.613 22.465 22.317 22.170 22.022 21.874 21.726 21.578 21.430 21.282 21.134 20.986 20.838 20.691 20.543 20.395 20.247 20.099 19.951 19.803 19.655 19.507 19.359 19.211 19.064 18.916 18.768 18.620 18.472 18.324 18.176 18.028 17.880 17.732 17.585 17.437 17.289 17.141 16.993 16.845 16.697 16.549 16.401 16.253 16.105
26.613 26.465 26.317 26.169 26.021 25.873 25.725 25.577 25.429 25.282 25.134 24.986 24.838 24.690 24.542 24.394 24.246 24.099 23.951 23.803 23.655 23.507 23.359 23.211 23.063 22.915 22.768 22.620 22.472 22.324 22.176 22.028 21.880 21.732 21.584 21.437 21.289 21.141 20.993 20.845 20.697 20.549 20.401 20.253 20.106 19.958 19.810 19.662 19.514 19.366 19.218 19.070 18.922 18.775 18.627 18.479 18.331 18.183 18.035 17.887 17.739 17.591 17.444 17.296 17.148 17.000 16.852 16.704 16.556 16.408 16.260 16.113
26.619 26.471 26.323 26.175 26.027 25.879 25.732 25.584 25.436 25.288 25.140 24.992 24.844 24.696 24.549 24.401 24.253 24.105 23.957 23.809 23.661 23.513 23.366 23.218 23.070 22.922 22.774 22.626 22.478 22.331 22.183 22.035 21.887 21.739 21.591 21.443 21.295 21.148 21.000 20.852 20.704 20.556 20.408 20.260 20.112 19.965 19.817 19.669 19.521 19.373 19.225 19.077 18.929 18.782 18.634 18.486 18.338 18.190 18.042 17.894 17.747 17.599 17.451 17.303 17.155 17.007 16.859 16.711 16.564 16.416 16.268 16.120
26.625 26.477 26.329 26.182 26.034 25.886 25.738 25.590 25.442 25.294 25.147 24.999 24.851 24.703 24.555 24.407 24.259 24.112 23.964 23.816 23.668 23.520 23.372 23.225 23.077 22.929 22.781 22.633 22.485 22.337 22.190 22.042 21.894 21.746 21.598 21.450 21.302 21.155 21.007 20.859 20.711 20.563 20.415 20.267 20.120 19.972 19.824 19.676 19.528 19.380 19.232 19.085 18.937 18.789 18.641 18.493 18.345 18.198 18.050 17.902 17.754 17.606 17.458 17.310 17.163 17.015 16.867 16.719 16.571 16.423 16.275 16.128
26.632 26.484 26.336 26.188 26.040 25.893 25.745 25.597 25.449 25.301 25.153 25.006 24.858 24.710 24.562 24.414 24.266 24.119 23.971 23.823 23.675 23.527 23.379 23.232 23.084 22.936 22.788 22.640 22.492 22.345 22.197 22.049 21.901 21.753 21.605 21.457 21.310 21.162 21.014 20.866 20.718 20.570 20.423 20.275 20.127 19.979 19.831 19.683 19.536 19.388 19.240 19.092 18.944 18.796 18.649 18.501 18.353 18.205 18.057 17.909 17.762 17.614 17.466 17.318 17.170 17.022 16.875 16.727 16.579 16.431 16.283 16.135
26.639 26.491 26.343 26.195 26.047 25.899 25.752 25.604 25.456 25.308 25.160 25.013 24.865 24.717 24.569 24.421 24.273 24.126 23.978 23.830 23.682 23.534 23.387 23.239 23.091 22.943 22.795 22.647 22.500 22.352 22.204 22.056 21.908 21.761 21.613 21.465 21.317 21.169 21.022 20.874 20.726 20.578 20.430 20.282 20.135 19.987 19.839 19.691 19.543 19.396 19.248 19.100 18.952 18.804 18.656 18.509 18.361 18.213 18.065 17.917 17.770 17.622 17.474 17.326 17.178 17.030 16.883 16.735 16.587 16.439 16.291 16.144
26.646 26.498 26.350 26.202 26.054 25.907 25.759 25.611 25.463 25.315 25.168 25.020 24.872 24.724 24.576 24.429 24.281 24.133 23.985 23.837 23.690 23.542 23.394 23.246 23.098 22.951 22.803 22.655 22.507 22.359 22.212 22.064 21.916 21.768 21.620 21.473 21.325 21.177 21.029 20.881 20.734 20.586 20.438 20.290 20.142 19.995 19.847 19.699 19.551 19.404 19.256 19.108 18.960 18.812 18.665 18.517 18.369 18.221 18.073 17.926 17.778 17.630 17.482 17.334 17.187 17.039 16.891 16.743 16.595 16.448 16.300 16.152
26.653 26.505 26.357 26.209 26.062 25.914 25.766 25.618 25.471 25.323 25.175 25.027 24.879 24.732 24.584 24.436 24.288 24.141 23.993 23.845 23.697 23.549 23.402 23.254 23.106 22.958 22.811 22.663 22.515 22.367 22.219 22.072 21.924 21.776 21.628 21.481 21.333 21.185 21.037 20.889 20.742 20.594 20.446 20.298 20.151 20.003 19.855 19.707 19.560 19.412 19.264 19.116 18.968 18.821 18.673 18.525 18.377 18.230 18.082 17.934 17.786 17.638 17.491 17.343 17.195 17.047 16.900 16.752 16.604 16.456 16.308 16.161
26.660 26.512 26.365 26.217 26.069 25.921 25.774 25.626 25.478 25.330 25.183 25.035 24.887 24.739 24.592 24.444 24.296 24.148 24.001 23.853 23.705 23.557 23.410 23.262 23.114 22.966 22.819 22.671 22.523 22.375 22.228 22.080 21.932 21.784 21.637 21.489 21.341 21.193 21.046 20.898 20.750 20.602 20.454 20.307 20.159 20.011 19.863 19.716 19.568 19.420 19.272 19.125 18.977 18.829 18.681 18.534 18.386 18.238 18.090 17.943 17.795 17.647 17.499 17.352 17.204 17.056 16.908 16.761 16.613 16.465 16.317 16.170
26.668 26.520 26.372 26.225 26.077 25.929 25.781 25.634 25.486 25.338 25.191 25.043 24.895 24.747 24.600 24.452 24.304 24.156 24.009 23.861 23.713 23.565 23.418 23.270 23.122 22.975 22.827 22.679 22.531 22.384 22.236 22.088 21.940 21.793 21.645 21.497 21.349 21.202 21.054 20.906 20.759 20.611 20.463 20.315 20.168 20.020 19.872 19.724 19.577 19.429 19.281 19.133 18.986 18.838 18.690 18.542 18.395 18.247 18.099 17.952 17.804 17.656 17.508 17.361 17.213 17.065 16.917 16.770 16.622 16.474 16.326 16.179
26.676 26.528 26.380 26.233 26.085 25.937 25.789 25.642 25.494 25.346 25.199 25.051 24.903 24.755 24.608 24.460 24.312 24.165 24.017 23.869 23.722 23.574 23.426 23.278 23.131 22.983 22.835 22.688 22.540 22.392 22.244 22.097 21.949 21.801 21.654 21.506 21.358 21.210 21.063 20.915 20.767 20.620 20.472 20.324 20.176 20.029 19.881 19.733 19.586 19.438 19.290 19.142 18.995 18.847 18.699 18.552 18.404 18.256 18.108 17.961 17.813 17.665 17.518 17.370 17.222 17.074 16.927 16.779 16.631 16.484 16.336 16.188
26.684 26.536 26.388 26.241 26.093 25.945 25.798 25.650 25.502 25.355 25.207 25.059 24.912 24.764 24.616 24.469 24.321 24.173 24.025 23.878 23.730 23.582 23.435 23.287 23.139 22.992 22.844 22.696 22.549 22.401 22.253 22.105 21.958 21.810 21.662 21.515 21.367 21.219 21.072 20.924 20.776 20.629 20.481 20.333 20.185 20.038 19.890 19.742 19.595 19.447 19.299 19.152 19.004 18.856 18.709 18.561 18.413 18.266 18.118 17.970 17.822 17.675 17.527 17.379 17.232 17.084 16.936 16.789 16.641 16.493 16.346 16.198
26.692 26.544 26.397 26.249 26.101 25.954 25.806 25.658 25.511 25.363 25.215 25.068 24.920 24.772 24.625 24.477 24.329 24.182 24.034 23.886 23.739 23.591 23.443 23.296 23.148 23.000 22.853 22.705 22.557 22.410 22.262 22.114 21.967 21.819 21.671 21.524 21.376 21.228 21.081 20.933 20.785 20.638 20.490 20.342 20.195 20.047 19.899 19.752 19.604 19.456 19.309 19.161 19.013 18.866 18.718 18.570 18.423 18.275 18.127 17.980 17.832 17.684 17.537 17.389 17.241 17.094 16.946 16.798 16.651 16.503 16.355 16.208
26.701 26.553 26.405 26.258 26.110 25.962 25.815 25.667 25.520 25.372 25.224 25.077 24.929 24.781 24.634 24.486 24.338 24.191 24.043 23.895 23.748 23.600 23.453 23.305 23.157 23.010 22.862 22.714 22.567 22.419 22.271 22.124 21.976 21.828 21.681 21.533 21.386 21.238 21.090 20.943 20.795 20.647 20.500 20.352 20.204 20.057 19.909 19.761 19.614 19.466 19.319 19.171 19.023 18.876 18.728 18.580 18.433 18.285 18.137 17.990 17.842 17.694 17.547 17.399 17.251 17.104 16.956 16.809 16.661 16.513 16.366 16.218
26.709 26.562 26.414 26.267 26.119 25.971 25.824 25.676 25.528 25.381 25.233 25.086 24.938 24.790 24.643 24.495 24.347 24.200 24.052 23.905 23.757 23.609 23.462 23.314 23.167 23.019 22.871 22.724 22.576 22.428 22.281 22.133 21.986 21.838 21.690 21.543 21.395 21.247 21.100 20.952 20.805 20.657 20.509 20.362 20.214 20.067 19.919 19.771 19.624 19.476 19.328 19.181 19.033 18.886 18.738 18.590 18.443 18.295 18.147 18.000 17.852 17.705 17.557 17.409 17.262 17.114 16.967 16.819 16.671 16.524 16.376 16.228
26.718 26.571 26.423 26.276 26.128 25.980 25.833 25.685 25.538 25.390 25.242 25.095 24.947 24.800 24.652 24.504 24.357 24.209 24.062 23.914 23.766 23.619 23.471 23.324 23.176 23.028 22.881 22.733 22.586 22.438 22.291 22.143 21.995 21.848 21.700 21.553 21.405 21.257 21.110 20.962 20.815 20.667 20.519 20.372 20.224 20.077 19.929 19.781 19.634 19.486 19.339 19.191 19.043 18.896 18.748 18.601 18.453 18.305 18.158 18.010 17.863 17.715 17.567 17.420 17.272 17.125 16.977 16.830 16.682 16.534 16.387 16.239
26.727 26.580 26.432 26.285 26.137 25.990 25.842 25.695 25.547 25.399 25.252 25.104 24.957 24.809 24.662 24.514 24.366 24.219 24.071 23.924 23.776 23.629 23.481 23.333 23.186 23.038 22.891 22.743 22.596 22.448 22.300 22.153 22.005 21.858 21.710 21.563 21.415 21.267 21.120 20.972 20.825 20.677 20.530 20.382 20.234 20.087 19.939 19.792 19.644 19.497 19.349 19.201 19.054 18.906 18.759 18.611 18.464 18.316 18.168 18.021 17.873 17.726 17.578 17.431 17.283 17.135 16.988 16.840 16.693 16.545 16.398 16.250
26.737 26.589 26.442 26.294 26.147 25.999 25.852 25.704 25.557 25.409 25.261 25.114 24.966 24.819 24.671 24.524 24.376 24.229 24.081 23.934 23.786 23.638 23.491 23.343 23.196 23.048 22.901 22.753 22.606 22.458 22.311 22.163 22.015 21.868 21.720 21.573 21.425 21.278 21.130 20.983 20.835 20.688 20.540 20.392 20.245 20.097 19.950 19.802 19.655 19.507 19.360 19.212 19.065 18.917 18.770 18.622 18.474 18.327 18.179 18.032 17.884 17.737 17.589 17.442 17.294 17.147 16.999 16.851 16.704 16.556 16.409 16.261
