in/test_suite/GMD2017/CliffFineSandBays/consolidated_sand_01.asc
ncols	500
nrows	1000
xllcorner	1.000
yllcorner	1.000
cellsize	1.000
NODATA_value	-9999.000
[rows 297 to 329 of 1000, columns 74 to 147 of 500]
17.311 17.275 17.239 17.203 17.167 17.131 17.096 17.060 17.024 16.988 16.952 16.916 16.880 16.845 16.809 16.773 16.737 16.701 16.665 16.629 16.594 16.558 16.522 16.486 16.450 16.414 16.378 16.343 16.307 16.271 16.235 16.199 16.163 16.127 16.092 16.056 16.020 15.984 15.948 15.912 15.876 15.841 15.805 15.769 15.733 15.697 15.661 15.625 15.590 15.554 15.518 15.482 15.446 15.410 15.374 15.339 15.303 15.267 15.231 15.195 15.159 15.123 15.088 15.052 15.016 14.980 14.944 14.908 14.872 14.837 14.801 14.765 14.729 14.693
17.312 17.276 17.240 17.204 17.168 17.133 17.097 17.061 17.025 16.989 16.953 16.918 16.882 16.846 16.810 16.774 16.738 16.703 16.667 16.631 16.595 16.559 16.523 16.488 16.452 16.416 16.380 16.344 16.308 16.272 16.237 16.201 16.165 16.129 16.093 16.057 16.022 15.986 15.950 15.914 15.878 15.842 15.807 15.771 15.735 15.699 15.663 15.627 15.591 15.556 15.520 15.484 15.448 15.412 15.376 15.341 15.305 15.269 15.233 15.197 15.161 15.126 15.090 15.054 15.018 14.982 14.946 14.910 14.875 14.839 14.803 14.767 14.731 14.695
17.313 17.277 17.241 17.206 17.170 17.134 17.098 17.062 17.026 16.991 16.955 16.919 16.883 16.847 16.811 16.776 16.740 16.704 16.668 16.632 16.597 16.561 16.525 16.489 16.453 16.417 16.382 16.346 16.310 16.274 16.238 16.202 16.167 16.131 16.095 16.059 16.023 15.987 15.952 15.916 15.880 15.844 15.808 15.773 15.737 15.701 15.665 15.629 15.593 15.558 15.522 15.486 15.450 15.414 15.378 15.343 15.307 15.271 15.235 15.199 15.163 15.128 15.092 15.056 15.020 14.984 14.949 14.913 14.877 14.841 14.805 14.769 14.734 14.698
17.314 17.278 17.243 17.207 17.171 17.135 17.099 17.064 17.028 16.992 16.956 16.920 16.885 16.849 16.813 16.777 16.741 16.705 16.670 16.634 16.598 16.562 16.526 16.491 16.455 16.419 16.383 16.347 16.312 16.276 16.240 16.204 16.168 16.132 16.097 16.061 16.025 15.989 15.953 15.918 15.882 15.846 15.810 15.774 15.739 15.703 15.667 15.631 15.595 15.560 15.524 15.488 15.452 15.416 15.380 15.345 15.309 15.273 15.237 15.201 15.166 15.130 15.094 15.058 15.022 14.987 14.951 14.915 14.879 14.843 14.808 14.772 14.736 14.700
17.315 17.280 17.244 17.208 17.172 17.136 17.101 17.065 17.029 16.993 16.957 16.922 16.886 16.850 16.814 16.778 16.743 16.707 16.671 16.635 16.600 16.564 16.528 16.492 16.456 16.421 16.385 16.349 16.313 16.277 16.242 16.206 16.170 16.134 16.098 16.063 16.027 15.991 15.955 15.919 15.884 15.848 15.812 15.776 15.740 15.705 15.669 15.633 15.597 15.561 15.526 15.490 15.454 15.418 15.383 15.347 15.311 15.275 15.239 15.204 15.168 15.132 15.096 15.060 15.025 14.989 14.953 14.917 14.881 14.846 14.810 14.774 14.738 14.702
17.317 17.281 17.245 17.209 17.173 17.138 17.102 17.066 17.030 16.995 16.959 16.923 16.887 16.851 16.816 16.780 16.744 16.708 16.673 16.637 16.601 16.565 16.529 16.494 16.458 16.422 16.386 16.351 16.315 16.279 16.243 16.207 16.172 16.136 16.100 16.064 16.029 15.993 15.957 15.921 15.885 15.850 15.814 15.778 15.742 15.707 15.671 15.635 15.599 15.563 15.528 15.492 15.456 15.420 15.385 15.349 15.313 15.277 15.241 15.206 15.170 15.134 15.098 15.063 15.027 14.991 14.955 14.919 14.884 14.848 14.812 14.776 14.741 14.705
17.318 17.282 17.246 17.211 17.175 17.139 17.103 17.067 17.032 16.996 16.960 16.924 16.889 16.853 16.817 16.781 16.746 16.710 16.674 16.638 16.603 16.567 16.531 16.495 16.459 16.424 16.388 16.352 16.316 16.281 16.245 16.209 16.173 16.138 16.102 16.066 16.030 15.995 15.959 15.923 15.887 15.852 15.816 15.780 15.744 15.708 15.673 15.637 15.601 15.565 15.530 15.494 15.458 15.422 15.387 15.351 15.315 15.279 15.244 15.208 15.172 15.136 15.101 15.065 15.029 14.993 14.957 14.922 14.886 14.850 14.814 14.779 14.743 14.707
17.319 17.283 17.248 17.212 17.176 17.140 17.105 17.069 17.033 16.997 16.962 16.926 16.890 16.854 16.819 16.783 16.747 16.711 16.676 16.640 16.604 16.568 16.533 16.497 16.461 16.425 16.390 16.354 16.318 16.282 16.247 16.211 16.175 16.139 16.104 16.068 16.032 15.996 15.961 15.925 15.889 15.853 15.818 15.782 15.746 15.710 15.675 15.639 15.603 15.567 15.532 15.496 15.460 15.424 15.389 15.353 15.317 15.281 15.246 15.210 15.174 15.138 15.103 15.067 15.031 14.995 14.960 14.924 14.888 14.852 14.817 14.781 14.745 14.709
17.320 17.284 17.249 17.213 17.177 17.142 17.106 17.070 17.034 16.999 16.963 16.927 16.891 16.856 16.820 16.784 16.749 16.713 16.677 16.641 16.606 16.570 16.534 16.498 16.463 16.427 16.391 16.355 16.320 16.284 16.248 16.213 16.177 16.141 16.105 16.070 16.034 15.998 15.962 15.927 15.891 15.855 15.820 15.784 15.748 15.712 15.677 15.641 15.605 15.569 15.534 15.498 15.462 15.426 15.391 15.355 15.319 15.284 15.248 15.212 15.176 15.141 15.105 15.069 15.033 14.998 14.962 14.926 14.891 14.855 14.819 14.783 14.748 14.712
17.321 17.286 17.250 17.214 17.179 17.143 17.107 17.071 17.036 17.000 16.964 16.929 16.893 16.857 16.821 16.786 16.750 16.714 16.679 16.643 16.607 16.571 16.536 16.500 16.464 16.429 16.393 16.357 16.321 16.286 16.250 16.214 16.179 16.143 16.107 16.071 16.036 16.000 15.964 15.929 15.893 15.857 15.821 15.786 15.750 15.714 15.679 15.643 15.607 15.571 15.536 15.500 15.464 15.429 15.393 15.357 15.321 15.286 15.250 15.214 15.179 15.143 15.107 15.071 15.036 15.000 14.964 14.929 14.893 14.857 14.821 14.786 14.750 14.714
17.323 17.287 17.251 17.216 17.180 17.144 17.108 17.073 17.037 17.001 16.966 16.930 16.894 16.859 16.823 16.787 16.751 16.716 16.680 16.644 16.609 16.573 16.537 16.502 16.466 16.430 16.394 16.359 16.323 16.287 16.252 16.216 16.180 16.145 16.109 16.073 16.037 16.002 15.966 15.930 15.895 15.859 15.823 15.788 15.752 15.716 15.680 15.645 15.609 15.573 15.538 15.502 15.466 15.431 15.395 15.359 15.323 15.288 15.252 15.216 15.181 15.145 15.109 15.074 15.038 15.002 14.967 14.931 14.895 14.859 14.824 14.788 14.752 14.717
17.324 17.288 17.252 17.217 17.181 17.145 17.110 17.074 17.038 17.003 16.967 16.931 16.896 16.860 16.824 16.789 16.753 16.717 16.682 16.646 16.610 16.574 16.539 16.503 16.467 16.432 16.396 16.360 16.325 16.289 16.253 16.218 16.182 16.146 16.111 16.075 16.039 16.004 15.968 15.932 15.897 15.861 15.825 15.789 15.754 15.718 15.682 15.647 15.611 15.575 15.540 15.504 15.468 15.433 15.397 15.361 15.326 15.290 15.254 15.219 15.183 15.147 15.112 15.076 15.040 15.004 14.969 14.933 14.897 14.862 14.826 14.790 14.755 14.719
17.325 17.289 17.254 17.218 17.182 17.147 17.111 17.075 17.040 17.004 16.968 16.933 16.897 16.861 16.826 16.790 16.754 16.719 16.683 16.647 16.612 16.576 16.540 16.505 16.469 16.433 16.398 16.362 16.326 16.291 16.255 16.219 16.184 16.148 16.112 16.077 16.041 16.005 15.970 15.934 15.898 15.863 15.827 15.791 15.756 15.720 15.684 15.649 15.613 15.577 15.542 15.506 15.470 15.435 15.399 15.363 15.328 15.292 15.256 15.221 15.185 15.149 15.114 15.078 15.042 15.007 14.971 14.935 14.900 14.864 14.828 14.793 14.757 14.721
17.326 17.291 17.255 17.219 17.184 17.148 17.112 17.077 17.041 17.005 16.970 16.934 16.898 16.863 16.827 16.791 16.756 16.720 16.685 16.649 16.613 16.578 16.542 16.506 16.471 16.435 16.399 16.364 16.328 16.292 16.257 16.221 16.185 16.150 16.114 16.078 16.043 16.007 15.972 15.936 15.900 15.865 15.829 15.793 15.758 15.722 15.686 15.651 15.615 15.579 15.544 15.508 15.472 15.437 15.401 15.365 15.330 15.294 15.259 15.223 15.187 15.152 15.116 15.080 15.045 15.009 14.973 14.938 14.902 14.866 14.831 14.795 14.759 14.724
17.327 17.292 17.256 17.221 17.185 17.149 17.114 17.078 17.042 17.007 16.971 16.935 16.900 16.864 16.829 16.793 16.757 16.722 16.686 16.650 16.615 16.579 16.544 16.508 16.472 16.437 16.401 16.365 16.330 16.294 16.258 16.223 16.187 16.152 16.116 16.080 16.045 16.009 15.973 15.938 15.902 15.866 15.831 15.795 15.760 15.724 15.688 15.653 15.617 15.581 15.546 15.510 15.475 15.439 15.403 15.368 15.332 15.296 15.261 15.225 15.189 15.154 15.118 15.083 15.047 15.011 14.976 14.940 14.904 14.869 14.833 14.797 14.762 14.726
17.329 17.293 17.257 17.222 17.186 17.151 17.115 17.079 17.044 17.008 16.973 16.937 16.901 16.866 16.830 16.794 16.759 16.723 16.688 16.652 16.616 16.581 16.545 16.509 16.474 16.438 16.403 16.367 16.331 16.296 16.260 16.225 16.189 16.153 16.118 16.082 16.046 16.011 15.975 15.940 15.904 15.868 15.833 15.797 15.762 15.726 15.690 15.655 15.619 15.583 15.548 15.512 15.477 15.441 15.405 15.370 15.334 15.298 15.263 15.227 15.192 15.156 15.120 15.085 15.049 15.014 14.978 14.942 14.907 14.871 14.835 14.800 14.764 14.729
17.330 17.294 17.259 17.223 17.188 17.152 17.116 17.081 17.045 17.009 16.974 16.938 16.903 16.867 16.831 16.796 16.760 16.725 16.689 16.653 16.618 16.582 16.547 16.511 16.475 16.440 16.404 16.369 16.333 16.297 16.262 16.226 16.191 16.155 16.119 16.084 16.048 16.013 15.977 15.941 15.906 15.870 15.835 15.799 15.763 15.728 15.692 15.657 15.621 15.585 15.550 15.514 15.479 15.443 15.407 15.372 15.336 15.301 15.265 15.229 15.194 15.158 15.123 15.087 15.051 15.016 14.980 14.945 14.909 14.873 14.838 14.802 14.767 14.731
17.331 17.296 17.260 17.224 17.189 17.153 17.118 17.082 17.046 17.011 16.975 16.940 16.904 16.869 16.833 16.797 16.762 16.726 16.691 16.655 16.619 16.584 16.548 16.513 16.477 16.442 16.406 16.370 16.335 16.299 16.264 16.228 16.192 16.157 16.121 16.086 16.050 16.014 15.979 15.943 15.908 15.872 15.837 15.801 15.765 15.730 15.694 15.659 15.623 15.587 15.552 15.516 15.481 15.445 15.410 15.374 15.338 15.303 15.267 15.232 15.196 15.160 15.125 15.089 15.054 15.018 14.983 14.947 14.911 14.876 14.840 14.805 14.769 14.733
17.332 17.297 17.261 17.226 17.190 17.155 17.119 17.083 17.048 17.012 16.977 16.941 16.906 16.870 16.834 16.799 16.763 16.728 16.692 16.657 16.621 16.585 16.550 16.514 16.479 16.443 16.408 16.372 16.336 16.301 16.265 16.230 16.194 16.159 16.123 16.087 16.052 16.016 15.981 15.945 15.910 15.874 15.838 15.803 15.767 15.732 15.696 15.661 15.625 15.589 15.554 15.518 15.483 15.447 15.412 15.376 15.341 15.305 15.269 15.234 15.198 15.163 15.127 15.092 15.056 15.020 14.985 14.949 14.914 14.878 14.843 14.807 14.771 14.736
17.334 17.298 17.262 17.227 17.191 17.156 17.120 17.085 17.049 17.014 16.978 16.943 16.907 16.871 16.836 16.800 16.765 16.729 16.694 16.658 16.623 16.587 16.551 16.516 16.480 16.445 16.409 16.374 16.338 16.303 16.267 16.231 16.196 16.160 16.125 16.089 16.054 16.018 15.983 15.947 15.912 15.876 15.840 15.805 15.769 15.734 15.698 15.663 15.627 15.592 15.556 15.520 15.485 15.449 15.414 15.378 15.343 15.307 15.272 15.236 15.200 15.165 15.129 15.094 15.058 15.023 14.987 14.952 14.916 14.880 14.845 14.809 14.774 14.738
17.335 17.299 17.264 17.228 17.193 17.157 17.122 17.086 17.051 17.015 16.979 16.944 16.908 16.873 16.837 16.802 16.766 16.731 16.695 16.660 16.624 16.589 16.553 16.517 16.482 16.446 16.411 16.375 16.340 16.304 16.269 16.233 16.198 16.162 16.127 16.091 16.056 16.020 15.984 15.949 15.913 15.878 15.842 15.807 15.771 15.736 15.700 15.665 15.629 15.594 15.558 15.522 15.487 15.451 15.416 15.380 15.345 15.309 15.274 15.238 15.203 15.167 15.132 15.096 15.061 15.025 14.989 14.954 14.918 14.883 14.847 14.812 14.776 14.741
17.336 17.301 17.265 17.229 17.194 17.158 17.123 17.087 17.052 17.016 16.981 16.945 16.910 16.874 16.839 16.803 16.768 16.732 16.697 16.661 16.626 16.590 16.555 16.519 16.484 16.448 16.413 16.377 16.342 16.306 16.270 16.235 16.199 16.164 16.128 16.093 16.057 16.022 15.986 15.951 15.915 15.880 15.844 15.809 15.773 15.738 15.702 15.667 15.631 15.596 15.560 15.525 15.489 15.454 15.418 15.382 15.347 15.311 15.276 15.240 15.205 15.169 15.134 15.098 15.063 15.027 14.992 14.956 14.921 14.885 14.850 14.814 14.779 14.743
17.337 17.302 17.266 17.231 17.195 17.160 17.124 17.089 17.053 17.018 16.982 16.947 16.911 16.876 16.840 16.805 16.769 16.734 16.698 16.663 16.627 16.592 16.556 16.521 16.485 16.450 16.414 16.379 16.343 16.308 16.272 16.237 16.201 16.166 16.130 16.095 16.059 16.024 15.988 15.953 15.917 15.882 15.846 15.811 15.775 15.740 15.704 15.669 15.633 15.598 15.562 15.527 15.491 15.456 15.420 15.385 15.349 15.314 15.278 15.243 15.207 15.172 15.136 15.101 15.065 15.030 14.994 14.959 14.923 14.888 14.852 14.817 14.781 14.746
17.339 17.303 17.268 17.232 17.197 17.161 17.126 17.090 17.055 17.019 16.984 16.948 16.913 16.877 16.842 16.806 16.771 16.735 16.700 16.664 16.629 16.593 16.558 16.522 16.487 16.451 16.416 16.380 16.345 16.309 16.274 16.238 16.203 16.167 16.132 16.096 16.061 16.026 15.990 15.955 15.919 15.884 15.848 15.813 15.777 15.742 15.706 15.671 15.635 15.600 15.564 15.529 15.493 15.458 15.422 15.387 15.351 15.316 15.280 15.245 15.209 15.174 15.138 15.103 15.067 15.032 14.996 14.961 14.925 14.890 14.854 14.819 14.784 14.748
17.340 17.304 17.269 17.233 17.198 17.162 17.127 17.091 17.056 17.021 16.985 16.950 16.914 16.879 16.843 16.808 16.772 16.737 16.701 16.666 16.630 16.595 16.559 16.524 16.488 16.453 16.418 16.382 16.347 16.311 16.276 16.240 16.205 16.169 16.134 16.098 16.063 16.027 15.992 15.956 15.921 15.885 15.850 15.815 15.779 15.744 15.708 15.673 15.637 15.602 15.566 15.531 15.495 15.460 15.424 15.389 15.353 15.318 15.283 15.247 15.212 15.176 15.141 15.105 15.070 15.034 14.999 14.963 14.928 14.892 14.857 14.821 14.786 14.750
17.341 17.306 17.270 17.235 17.199 17.164 17.128 17.093 17.057 17.022 16.986 16.951 16.916 16.880 16.845 16.809 16.774 16.738 16.703 16.667 16.632 16.596 16.561 16.526 16.490 16.455 16.419 16.384 16.348 16.313 16.277 16.242 16.206 16.171 16.136 16.100 16.065 16.029 15.994 15.958 15.923 15.887 15.852 15.817 15.781 15.746 15.710 15.675 15.639 15.604 15.568 15.533 15.497 15.462 15.427 15.391 15.356 15.320 15.285 15.249 15.214 15.178 15.143 15.107 15.072 15.037 15.001 14.966 14.930 14.895 14.859 14.824 14.788 14.753
17.342 17.307 17.271 17.236 17.200 17.165 17.130 17.094 17.059 17.023 16.988 16.952 16.917 16.882 16.846 16.811 16.775 16.740 16.704 16.669 16.633 16.598 16.563 16.527 16.492 16.456 16.421 16.385 16.350 16.315 16.279 16.244 16.208 16.173 16.137 16.102 16.067 16.031 15.996 15.960 15.925 15.889 15.854 15.818 15.783 15.748 15.712 15.677 15.641 15.606 15.570 15.535 15.500 15.464 15.429 15.393 15.358 15.322 15.287 15.251 15.216 15.181 15.145 15.110 15.074 15.039 15.003 14.968 14.933 14.897 14.862 14.826 14.791 14.755
17.343 17.308 17.273 17.237 17.202 17.166 17.131 17.096 17.060 17.025 16.989 16.954 16.918 16.883 16.848 16.812 16.777 16.741 16.706 16.670 16.635 16.600 16.564 16.529 16.493 16.458 16.423 16.387 16.352 16.316 16.281 16.245 16.210 16.175 16.139 16.104 16.068 16.033 15.998 15.962 15.927 15.891 15.856 15.820 15.785 15.750 15.714 15.679 15.643 15.608 15.572 15.537 15.502 15.466 15.431 15.395 15.360 15.325 15.289 15.254 15.218 15.183 15.147 15.112 15.077 15.041 15.006 14.970 14.935 14.899 14.864 14.829 14.793 14.758
17.345 17.309 17.274 17.239 17.203 17.168 17.132 17.097 17.061 17.026 16.991 16.955 16.920 16.884 16.849 16.814 16.778 16.743 16.707 16.672 16.637 16.601 16.566 16.530 16.495 16.460 16.424 16.389 16.353 16.318 16.283 16.247 16.212 16.176 16.141 16.106 16.070 16.035 15.999 15.964 15.929 15.893 15.858 15.822 15.787 15.752 15.716 15.681 15.645 15.610 15.575 15.539 15.504 15.468 15.433 15.398 15.362 15.327 15.291 15.256 15.220 15.185 15.150 15.114 15.079 15.043 15.008 14.973 14.937 14.902 14.866 14.831 14.796 14.760
17.346 17.311 17.275 17.240 17.204 17.169 17.134 17.098 17.063 17.027 16.992 16.957 16.921 16.886 16.851 16.815 16.780 16.744 16.709 16.674 16.638 16.603 16.567 16.532 16.497 16.461 16.426 16.391 16.355 16.320 16.284 16.249 16.214 16.178 16.143 16.107 16.072 16.037 16.001 15.966 15.930 15.895 15.860 15.824 15.789 15.754 15.718 15.683 15.647 15.612 15.577 15.541 15.506 15.470 15.435 15.400 15.364 15.329 15.294 15.258 15.223 15.187 15.152 15.117 15.081 15.046 15.010 14.975 14.940 14.904 14.869 14.833 14.798 14.763
17.347 17.312 17.276 17.241 17.206 17.170 17.135 17.100 17.064 17.029 16.994 16.958 16.923 16.887 16.852 16.817 16.781 16.746 16.711 16.675 16.640 16.604 16.569 16.534 16.498 16.463 16.428 16.392 16.357 16.321 16.286 16.251 16.215 16.180 16.145 16.109 16.074 16.038 16.003 15.968 15.932 15.897 15.862 15.826 15.791 15.756 15.720 15.685 15.649 15.614 15.579 15.543 15.508 15.473 15.437 15.402 15.366 15.331 15.296 15.260 15.225 15.190 15.154 15.119 15.083 15.048 15.013 14.977 14.942 14.907 14.871 14.836 14.801 14.765
17.348 17.313 17.278 17.242 17.207 17.172 17.136 17.101 17.066 17.030 16.995 16.960 16.924 16.889 16.853 16.818 16.783 16.747 16.712 16.677 16.641 16.606 16.571 16.535 16.500 16.465 16.429 16.394 16.359 16.323 16.288 16.252 16.217 16.182 16.146 16.111 16.076 16.040 16.005 15.970 15.934 15.899 15.864 15.828 15.793 15.758 15.722 15.687 15.651 15.616 15.581 15.545 15.510 15.475 15.439 15.404 15.369 15.333 15.298 15.263 15.227 15.192 15.157 15.121 15.086 15.050 15.015 14.980 14.944 14.909 14.874 14.838 14.803 14.768
17.350 17.314 17.279 17.244 17.208 17.173 17.138 17.102 17.067 17.032 16.996 16.961 16.926 16.890 16.855 16.820 16.784 16.749 16.714 16.678 16.643 16.608 16.572 16.537 16.502 16.466 16.431 16.396 16.360 16.325 16.290 16.254 16.219 16.184 16.148 16.113 16.078 16.042 16.007 15.972 15.936 15.901 15.866 15.830 15.795 15.760 15.724 15.689 15.654 15.618 15.583 15.547 15.512 15.477 15.441 15.406 15.371 15.335 15.300 15.265 15.229 15.194 15.159 15.123 15.088 15.053 15.017 14.982 14.947 14.911 14.876 14.841 14.805 14.770
