in/test_suite/GMD2017/CliffFineSandBays/consolidated_sand_01.asc
ncols	500
nrows	1000
xllcorner	1.000
yllcorner	1.000
cellsize	1.000
NODATA_value	-9999.000
[rows 825 to 857 of 1000, columns 148 to 221 of 500]
14.484 14.447 14.409 14.372 14.335 14.298 14.261 14.224 14.187 14.150 14.113 14.076 14.039 14.002 13.965 13.928 13.891 13.854 13.817 13.780 13.743 13.706 13.669 13.632 13.595 13.558 13.521 13.484 13.447 13.410 13.373 13.336 13.299 13.262 13.225 13.188 13.151 13.114 13.077 13.040 13.003 12.966 12.929 12.892 12.855 12.817 12.780 12.743 12.706 12.669 12.632 12.595 12.558 12.521 12.484 12.447 12.410 12.373 12.336 12.299 12.262 12.225 12.188 12.151 12.114 12.077 12.040 12.003 11.966 11.929 11.892 11.855 11.818 11.781
14.483 14.446 14.409 14.372 14.335 14.298 14.261 14.224 14.187 14.150 14.113 14.076 14.039 14.002 13.965 13.928 13.891 13.854 13.817 13.780 13.743 13.706 13.669 13.632 13.595 13.558 13.521 13.484 13.447 13.410 13.373 13.336 13.299 13.262 13.225 13.188 13.150 13.113 13.076 13.039 13.002 12.965 12.928 12.891 12.854 12.817 12.780 12.743 12.706 12.669 12.632 12.595 12.558 12.521 12.484 12.447 12.410 12.373 12.336 12.299 12.262 12.225 12.188 12.151 12.114 12.077 12.040 12.003 11.966 11.929 11.892 11.855 11.818 11.781
14.483 14.446 14.409 14.372 14.335 14.298 14.261 14.224 14.187 14.150 14.113 14.076 14.039 14.002 13.965 13.928 13.891 13.854 13.817 13.780 13.743 13.706 13.669 13.632 13.595 13.558 13.521 13.484 13.446 13.409 13.372 13.335 13.298 13.261 13.224 13.187 13.150 13.113 13.076 13.039 13.002 12.965 12.928 12.891 12.854 12.817 12.780 12.743 12.706 12.669 12.632 12.595 12.558 12.521 12.484 12.447 12.410 12.373 12.336 12.299 12.262 12.225 12.188 12.151 12.114 12.077 12.040 12.002 11.965 11.928 11.891 11.854 11.817 11.780
14.483 14.446 14.409 14.372 14.335 14.298 14.261 14.224 14.187 14.150 14.113 14.076 14.039 14.002 13.965 13.928 13.891 13.854 13.817 13.780 13.743 13.706 13.668 13.631 13.594 13.557 13.520 13.483 13.446 13.409 13.372 13.335 13.298 13.261 13.224 13.187 13.150 13.113 13.076 13.039 13.002 12.965 12.928 12.891 12.854 12.817 12.780 12.743 12.706 12.669 12.632 12.595 12.558 12.521 12.484 12.447 12.410 12.373 12.336 12.299 12.261 12.224 12.187 12.150 12.113 12.076 12.039 12.002 11.965 11.928 11.891 11.854 11.817 11.780
14.483 14.446 14.409 14.372 14.335 14.298 14.261 14.224 14.187 14.150 14.113 14.076 14.039 14.002 13.965 13.928 13.891 13.853 13.816 13.779 13.742 13.705 13.668 13.631 13.594 13.557 13.520 13.483 13.446 13.409 13.372 13.335 13.298 13.261 13.224 13.187 13.150 13.113 13.076 13.039 13.002 12.965 12.928 12.891 12.854 12.817 12.780 12.743 12.706 12.669 12.632 12.595 12.558 12.521 12.483 12.446 12.409 12.372 12.335 12.298 12.261 12.224 12.187 12.150 12.113 12.076 12.039 12.002 11.965 11.928 11.891 11.854 11.817 11.780
14.483 14.446 14.409 14.372 14.335 14.298 14.261 14.224 14.187 14.150 14.113 14.076 14.039 14.001 13.964 13.927 13.890 13.853 13.816 13.779 13.742 13.705 13.668 13.631 13.594 13.557 13.520 13.483 13.446 13.409 13.372 13.335 13.298 13.261 13.224 13.187 13.150 13.113 13.076 13.039 13.002 12.965 12.928 12.891 12.854 12.817 12.780 12.743 12.706 12.668 12.631 12.594 12.557 12.520 12.483 12.446 12.409 12.372 12.335 12.298 12.261 12.224 12.187 12.150 12.113 12.076 12.039 12.002 11.965 11.928 11.891 11.854 11.817 11.780
14.483 14.446 14.409 14.372 14.335 14.298 14.261 14.224 14.187 14.150 14.113 14.075 14.038 14.001 13.964 13.927 13.890 13.853 13.816 13.779 13.742 13.705 13.668 13.631 13.594 13.557 13.520 13.483 13.446 13.409 13.372 13.335 13.298 13.261 13.224 13.187 13.150 13.113 13.076 13.039 13.002 12.965 12.928 12.891 12.854 12.817 12.779 12.742 12.705 12.668 12.631 12.594 12.557 12.520 12.483 12.446 12.409 12.372 12.335 12.298 12.261 12.224 12.187 12.150 12.113 12.076 12.039 12.002 11.965 11.928 11.891 11.854 11.817 11.780
14.483 14.446 14.409 14.372 14.335 14.298 14.261 14.224 14.187 14.149 14.112 14.075 14.038 14.001 13.964 13.927 13.890 13.853 13.816 13.779 13.742 13.705 13.668 13.631 13.594 13.557 13.520 13.483 13.446 13.409 13.372 13.335 13.298 13.261 13.224 13.187 13.150 13.113 13.076 13.039 13.002 12.965 12.928 12.891 12.853 12.816 12.779 12.742 12.705 12.668 12.631 12.594 12.557 12.520 12.483 12.446 12.409 12.372 12.335 12.298 12.261 12.224 12.187 12.150 12.113 12.076 12.039 12.002 11.965 11.928 11.891 11.854 11.817 11.780
14.483 14.446 14.409 14.372 14.335 14.298 14.261 14.224 14.187 14.149 14.112 14.075 14.038 14.001 13.964 13.927 13.890 13.853 13.816 13.779 13.742 13.705 13.668 13.631 13.594 13.557 13.520 13.483 13.446 13.409 13.372 13.335 13.298 13.261 13.224 13.187 13.150 13.113 13.076 13.039 13.002 12.965 12.928 12.890 12.853 12.816 12.779 12.742 12.705 12.668 12.631 12.594 12.557 12.520 12.483 12.446 12.409 12.372 12.335 12.298 12.261 12.224 12.187 12.150 12.113 12.076 12.039 12.002 11.965 11.928 11.891 11.854 11.817 11.780
14.483 14.446 14.409 14.372 14.335 14.298 14.261 14.224 14.187 14.149 14.112 14.075 14.038 14.001 13.964 13.927 13.890 13.853 13.816 13.779 13.742 13.705 13.668 13.631 13.594 13.557 13.520 13.483 13.446 13.409 13.372 13.335 13.298 13.261 13.224 13.187 13.150 13.113 13.076 13.039 13.002 12.965 12.928 12.891 12.853 12.816 12.779 12.742 12.705 12.668 12.631 12.594 12.557 12.520 12.483 12.446 12.409 12.372 12.335 12.298 12.261 12.224 12.187 12.150 12.113 12.076 12.039 12.002 11.965 11.928 11.891 11.854 11.817 11.780
14.483 14.446 14.409 14.372 14.335 14.298 14.261 14.224 14.187 14.150 14.112 14.075 14.038 14.001 13.964 13.927 13.890 13.853 13.816 13.779 13.742 13.705 13.668 13.631 13.594 13.557 13.520 13.483 13.446 13.409 13.372 13.335 13.298 13.261 13.224 13.187 13.150 13.113 13.076 13.039 13.002 12.965 12.928 12.891 12.854 12.816 12.779 12.742 12.705 12.668 12.631 12.594 12.557 12.520 12.483 12.446 12.409 12.372 12.335 12.298 12.261 12.224 12.187 12.150 12.113 12.076 12.039 12.002 11.965 11.928 11.891 11.854 11.817 11.780
14.483 14.446 14.409 14.372 14.335 14.298 14.261 14.224 14.187 14.150 14.113 14.076 14.038 14.001 13.964 13.927 13.890 13.853 13.816 13.779 13.742 13.705 13.668 13.631 13.594 13.557 13.520 13.483 13.446 13.409 13.372 13.335 13.298 13.261 13.224 13.187 13.150 13.113 13.076 13.039 13.002 12.965 12.928 12.891 12.854 12.817 12.780 12.742 12.705 12.668 12.631 12.594 12.557 12.520 12.483 12.446 12.409 12.372 12.335 12.298 12.261 12.224 12.187 12.150 12.113 12.076 12.039 12.002 11.965 11.928 11.891 11.854 11.817 11.780
14.483 14.446 14.409 14.372 14.335 14.298 14.261 14.224 14.187 14.150 14.113 14.076 14.039 14.002 13.964 13.927 13.890 13.853 13.816 13.779 13.742 13.705 13.668 13.631 13.594 13.557 13.520 13.483 13.446 13.409 13.372 13.335 13.298 13.261 13.224 13.187 13.150 13.113 13.076 13.039 13.002 12.965 12.928 12.891 12.854 12.817 12.780 12.743 12.706 12.669 12.632 12.594 12.557 12.520 12.483 12.446 12.409 12.372 12.335 12.298 12.261 12.224 12.187 12.150 12.113 12.076 12.039 12.002 11.965 11.928 11.891 11.854 11.817 11.780
14.483 14.446 14.409 14.372 14.335 14.298 14.261 14.224 14.187 14.150 14.113 14.076 14.039 14.002 13.965 13.928 13.891 13.854 13.816 13.779 13.742 13.705 13.668 13.631 13.594 13.557 13.520 13.483 13.446 13.409 13.372 13.335 13.298 13.261 13.224 13.187 13.150 13.113 13.076 13.039 13.002 12.965 12.928 12.891 12.854 12.817 12.780 12.743 12.706 12.669 12.632 12.595 12.558 12.521 12.484 12.447 12.409 12.372 12.335 12.298 12.261 12.224 12.187 12.150 12.113 12.076 12.039 12.002 11.965 11.928 11.891 11.854 11.817 11.780
14.483 14.446 14.409 14.372 14.335 14.298 14.261 14.224 14.187 14.150 14.113 14.076 14.039 14.002 13.965 13.928 13.891 13.854 13.817 13.780 13.743 13.706 13.669 13.632 13.594 13.557 13.520 13.483 13.446 13.409 13.372 13.335 13.298 13.261 13.224 13.187 13.150 13.113 13.076 13.039 13.002 12.965 12.928 12.891 12.854 12.817 12.780 12.743 12.706 12.669 12.632 12.595 12.558 12.521 12.484 12.447 12.410 12.373 12.336 12.299 12.262 12.225 12.187 12.150 12.113 12.076 12.039 12.002 11.965 11.928 11.891 11.854 11.817 11.780
14.483 14.446 14.409 14.372 14.335 14.298 14.261 14.224 14.187 14.150 14.113 14.076 14.039 14.002 13.965 13.928 13.891 13.854 13.817 13.780 13.743 13.706 13.669 13.632 13.595 13.558 13.521 13.484 13.447 13.410 13.372 13.335 13.298 13.261 13.224 13.187 13.150 13.113 13.076 13.039 13.002 12.965 12.928 12.891 12.854 12.817 12.780 12.743 12.706 12.669 12.632 12.595 12.558 12.521 12.484 12.447 12.410 12.373 12.336 12.299 12.262 12.225 12.188 12.151 12.114 12.077 12.040 12.003 11.966 11.929 11.891 11.854 11.817 11.780
14.483 14.446 14.409 14.372 14.335 14.298 14.261 14.224 14.187 14.150 14.113 14.076 14.039 14.002 13.965 13.928 13.891 13.854 13.817 13.780 13.743 13.706 13.669 13.632 13.595 13.558 13.521 13.484 13.447 13.410 13.373 13.336 13.299 13.262 13.225 13.188 13.151 13.114 13.076 13.039 13.002 12.965 12.928 12.891 12.854 12.817 12.780 12.743 12.706 12.669 12.632 12.595 12.558 12.521 12.484 12.447 12.410 12.373 12.336 12.299 12.262 12.225 12.188 12.151 12.114 12.077 12.040 12.003 11.966 11.929 11.892 11.855 11.818 11.781
14.484 14.447 14.410 14.373 14.336 14.298 14.261 14.224 14.187 14.150 14.113 14.076 14.039 14.002 13.965 13.928 13.891 13.854 13.817 13.780 13.743 13.706 13.669 13.632 13.595 13.558 13.521 13.484 13.447 13.410 13.373 13.336 13.299 13.262 13.225 13.188 13.151 13.114 13.077 13.040 13.003 12.966 12.929 12.892 12.855 12.818 12.781 12.744 12.707 12.669 12.632 12.595 12.558 12.521 12.484 12.447 12.410 12.373 12.336 12.299 12.262 12.225 12.188 12.151 12.114 12.077 12.040 12.003 11.966 11.929 11.892 11.855 11.818 11.781
14.484 14.447 14.410 14.373 14.336 14.299 14.262 14.225 14.188 14.151 14.114 14.077 14.040 14.003 13.966 13.928 13.891 13.854 13.817 13.780 13.743 13.706 13.669 13.632 13.595 13.558 13.521 13.484 13.447 13.410 13.373 13.336 13.299 13.262 13.225 13.188 13.151 13.114 13.077 13.040 13.003 12.966 12.929 12.892 12.855 12.818 12.781 12.744 12.707 12.670 12.633 12.596 12.559 12.522 12.485 12.448 12.411 12.374 12.337 12.300 12.263 12.226 12.188 12.151 12.114 12.077 12.040 12.003 11.966 11.929 11.892 11.855 11.818 11.781
14.484 14.447 14.410 14.373 14.336 14.299 14.262 14.225 14.188 14.151 14.114 14.077 14.040 14.003 13.966 13.929 13.892 13.855 13.818 13.781 13.744 13.707 13.670 13.633 13.596 13.559 13.522 13.485 13.448 13.410 13.373 13.336 13.299 13.262 13.225 13.188 13.151 13.114 13.077 13.040 13.003 12.966 12.929 12.892 12.855 12.818 12.781 12.744 12.707 12.670 12.633 12.596 12.559 12.522 12.485 12.448 12.411 12.374 12.337 12.300 12.263 12.226 12.189 12.152 12.115 12.078 12.041 12.004 11.967 11.930 11.893 11.856 11.819 11.782
14.484 14.447 14.410 14.373 14.336 14.299 14.262 14.225 14.188 14.151 14.114 14.077 14.040 14.003 13.966 13.929 13.892 13.855 13.818 13.781 13.744 13.707 13.670 13.633 13.596 13.559 13.522 13.485 13.448 13.411 13.374 13.337 13.300 13.263 13.226 13.189 13.152 13.115 13.078 13.041 13.004 12.967 12.930 12.893 12.856 12.819 12.781 12.744 12.707 12.670 12.633 12.596 12.559 12.522 12.485 12.448 12.411 12.374 12.337 12.300 12.263 12.226 12.189 12.152 12.115 12.078 12.041 12.004 11.967 11.930 11.893 11.856 11.819 11.782
14.485 14.448 14.411 14.374 14.337 14.300 14.263 14.225 14.188 14.151 14.114 14.077 14.040 14.003 13.966 13.929 13.892 13.855 13.818 13.781 13.744 13.707 13.670 13.633 13.596 13.559 13.522 13.485 13.448 13.411 13.374 13.337 13.300 13.263 13.226 13.189 13.152 13.115 13.078 13.041 13.004 12.967 12.930 12.893 12.856 12.819 12.782 12.745 12.708 12.671 12.634 12.597 12.560 12.523 12.486 12.449 12.412 12.375 12.338 12.301 12.264 12.227 12.190 12.153 12.116 12.079 12.042 12.005 11.968 11.930 11.893 11.856 11.819 11.782
14.485 14.448 14.411 14.374 14.337 14.300 14.263 14.226 14.189 14.152 14.115 14.078 14.041 14.004 13.967 13.930 13.893 13.856 13.819 13.782 13.745 13.708 13.671 13.634 13.597 13.560 13.523 13.486 13.449 13.411 13.374 13.337 13.300 13.263 13.226 13.189 13.152 13.115 13.078 13.041 13.004 12.967 12.930 12.893 12.856 12.819 12.782 12.745 12.708 12.671 12.634 12.597 12.560 12.523 12.486 12.449 12.412 12.375 12.338 12.301 12.264 12.227 12.190 12.153 12.116 12.079 12.042 12.005 11.968 11.931 11.894 11.857 11.820 11.783
14.485 14.448 14.411 14.374 14.337 14.300 14.263 14.226 14.189 14.152 14.115 14.078 14.041 14.004 13.967 13.930 13.893 13.856 13.819 13.782 13.745 13.708 13.671 13.634 13.597 13.560 13.523 13.486 13.449 13.412 13.375 13.338 13.301 13.264 13.227 13.190 13.153 13.116 13.079 13.042 13.005 12.968 12.931 12.894 12.857 12.820 12.783 12.746 12.709 12.672 12.635 12.598 12.561 12.524 12.487 12.450 12.413 12.376 12.339 12.302 12.265 12.228 12.191 12.153 12.116 12.079 12.042 12.005 11.968 11.931 11.894 11.857 11.820 11.783
14.486 14.449 14.412 14.375 14.338 14.301 14.264 14.227 14.190 14.153 14.115 14.078 14.041 14.004 13.967 13.930 13.893 13.856 13.819 13.782 13.745 13.708 13.671 13.634 13.597 13.560 13.523 13.486 13.449 13.412 13.375 13.338 13.301 13.264 13.227 13.190 13.153 13.116 13.079 13.042 13.005 12.968 12.931 12.894 12.857 12.820 12.783 12.746 12.709 12.672 12.635 12.598 12.561 12.524 12.487 12.450 12.413 12.376 12.339 12.302 12.265 12.228 12.191 12.154 12.117 12.080 12.043 12.006 11.969 11.932 11.895 11.858 11.821 11.784
14.486 14.449 14.412 14.375 14.338 14.301 14.264 14.227 14.190 14.153 14.116 14.079 14.042 14.005 13.968 13.931 13.894 13.857 13.820 13.783 13.746 13.709 13.672 13.635 13.598 13.561 13.524 13.487 13.450 13.413 13.376 13.339 13.302 13.265 13.228 13.191 13.154 13.117 13.080 13.043 13.006 12.969 12.932 12.895 12.858 12.821 12.784 12.747 12.710 12.673 12.636 12.599 12.562 12.525 12.488 12.451 12.414 12.377 12.340 12.303 12.266 12.229 12.192 12.155 12.118 12.081 12.044 12.006 11.969 11.932 11.895 11.858 11.821 11.784
14.486 14.449 14.412 14.375 14.338 14.301 14.264 14.227 14.190 14.153 14.116 14.079 14.042 14.005 13.968 13.931 13.894 13.857 13.820 13.783 13.746 13.709 13.672 13.635 13.598 13.561 13.524 13.487 13.450 13.413 13.376 13.339 13.302 13.265 13.228 13.191 13.154 13.117 13.080 13.043 13.006 12.969 12.932 12.895 12.858 12.821 12.784 12.747 12.710 12.673 12.636 12.599 12.562 12.525 12.488 12.451 12.414 12.377 12.340 12.303 12.266 12.229 12.192 12.155 12.118 12.081 12.044 12.007 11.970 11.933 11.896 11.859 11.822 11.785
14.487 14.450 14.413 14.376 14.339 14.302 14.265 14.228 14.191 14.154 14.117 14.080 14.043 14.006 13.969 13.932 13.895 13.858 13.821 13.784 13.747 13.710 13.673 13.636 13.599 13.562 13.525 13.488 13.451 13.414 13.377 13.340 13.303 13.266 13.229 13.192 13.155 13.118 13.081 13.044 13.007 12.970 12.933 12.896 12.859 12.822 12.785 12.748 12.711 12.674 12.637 12.600 12.563 12.526 12.489 12.452 12.415 12.378 12.341 12.304 12.267 12.230 12.193 12.156 12.119 12.082 12.045 12.008 11.971 11.934 11.897 11.860 11.823 11.786
14.487 14.450 14.413 14.376 14.339 14.302 14.265 14.228 14.191 14.154 14.117 14.080 14.043 14.006 13.969 13.932 13.895 13.858 13.821 13.784 13.747 13.710 13.673 13.636 13.599 13.562 13.525 13.488 13.451 13.414 13.377 13.340 13.303 13.266 13.229 13.192 13.155 13.118 13.081 13.044 13.007 12.970 12.933 12.896 12.859 12.822 12.785 12.748 12.711 12.674 12.637 12.600 12.563 12.526 12.489 12.452 12.415 12.378 12.341 12.304 12.267 12.230 12.193 12.156 12.119 12.082 12.045 12.008 11.971 11.934 11.897 11.860 11.823 11.786
14.488 14.451 14.414 14.377 14.340 14.303 14.266 14.229 14.192 14.155 14.118 14.081 14.044 14.007 13.970 13.933 13.896 13.859 13.822 13.785 13.748 13.711 13.674 13.637 13.600 13.563 13.526 13.489 13.452 13.415 13.378 13.341 13.304 13.267 13.230 13.193 13.156 13.119 13.082 13.045 13.008 12.971 12.934 12.897 12.860 12.823 12.786 12.749 12.712 12.675 12.638 12.601 12.564 12.527 12.490 12.453 12.416 12.379 12.342 12.305 12.268 12.231 12.194 12.157 12.120 12.083 12.046 12.009 11.972 11.935 11.898 11.861 11.824 11.787
14.488 14.451 14.414 14.377 14.340 14.303 14.266 14.229 14.192 14.155 14.118 14.081 14.044 14.007 13.970 13.933 13.896 13.859 13.822 13.785 13.748 13.711 13.674 13.637 13.600 13.563 13.526 13.489 13.452 13.415 13.378 13.341 13.304 13.267 13.230 13.193 13.156 13.119 13.082 13.045 13.009 12.972 12.935 12.898 12.861 12.824 12.787 12.750 12.713 12.676 12.639 12.602 12.565 12.528 12.491 12.454 12.417 12.380 12.343 12.306 12.269 12.232 12.195 12.158 12.121 12.084 12.047 12.010 11.973 11.936 11.899 11.862 11.825 11.788
14.489 14.452 14.415 14.378 14.341 14.304 14.267 14.230 14.193 14.156 14.119 14.082 14.045 14.008 13.971 13.934 13.897 13.860 13.823 13.786 13.749 13.712 13.675 13.638 13.601 13.564 13.527 13.490 13.453 13.416 13.379 13.342 13.305 13.268 13.231 13.194 13.157 13.120 13.083 13.046 13.009 12.972 12.935 12.898 12.861 12.824 12.787 12.750 12.713 12.676 12.639 12.602 12.565 12.528 12.491 12.454 12.417 12.380 12.343 12.306 12.269 12.232 12.195 12.158 12.121 12.084 12.047 12.010 11.973 11.936 11.900 11.863 11.826 11.789
14.489 14.452 14.415 14.378 14.341 14.304 14.267 14.230 14.193 14.156 14.119 14.082 14.045 14.008 13.971 13.934 13.897 13.860 13.824 13.787 13.750 13.713 13.676 13.639 13.602 13.565 13.528 13.491 13.454 13.417 13.380 13.343 13.306 13.269 13.232 13.195 13.158 13.121 13.084 13.047 13.010 12.973 12.936 12.899 12.862 12.825 12.788 12.751 12.714 12.677 12.640 12.603 12.566 12.529 12.492 12.455 12.418 12.381 12.344 12.307 12.270 12.233 12.196 12.159 12.122 12.085 12.048 12.011 11.974 11.937 11.900 11.863 11.826 11.789
