in/test_suite/GMD2017/CliffFineSandBays/consolidated_fine_01.asc
ncols	500
nrows	1000
xllcorner	1.000
yllcorner	1.000
cellsize	1.000
NODATA_value	-9999.000
[rows 640 to 671 of 1000, columns 144 to 215 of 500]
59.292 59.149 59.006 58.863 58.720 58.578 58.435 58.292 58.149 58.006 57.864 57.721 57.578 57.435 57.292 57.150 57.007 56.864 56.721 56.578 56.435 56.293 56.150 56.007 55.864 55.721 55.579 55.436 55.293 55.150 55.007 54.864 54.722 54.579 54.436 54.293 54.150 54.008 53.865 53.722 53.579 53.436 53.293 53.151 53.008 52.865 52.722 52.579 52.437 52.294 52.151 52.008 51.865 51.723 51.580 51.437 51.294 51.151 51.008 50.866 50.723 50.580 50.437 50.294 50.152 50.009 49.866 49.723 49.580 49.437 49.295 49.152
59.301 59.158 59.016 58.873 58.730 58.587 58.445 58.302 58.159 58.016 57.874 57.731 57.588 57.445 57.303 57.160 57.017 56.874 56.732 56.589 56.446 56.303 56.161 56.018 55.875 55.732 55.590 55.447 55.304 55.161 55.019 54.876 54.733 54.590 54.448 54.305 54.162 54.019 53.877 53.734 53.591 53.448 53.306 53.163 53.020 52.877 52.735 52.592 52.449 52.306 52.164 52.021 51.878 51.735 51.593 51.450 51.307 51.164 51.022 50.879 50.736 50.593 50.451 50.308 50.165 50.022 49.880 49.737 49.594 49.451 49.309 49.166
59.310 59.168 59.025 58.882 58.740 58.597 58.454 58.312 58.169 58.026 57.884 57.741 57.598 57.456 57.313 57.170 57.027 56.885 56.742 56.599 56.457 56.314 56.171 56.029 55.886 55.743 55.601 55.458 55.315 55.173 55.030 54.887 54.744 54.602 54.459 54.316 54.174 54.031 53.888 53.746 53.603 53.460 53.318 53.175 53.032 52.890 52.747 52.604 52.461 52.319 52.176 52.033 51.891 51.748 51.605 51.463 51.320 51.177 51.035 50.892 50.749 50.607 50.464 50.321 50.179 50.036 49.893 49.750 49.608 49.465 49.322 49.180
59.320 59.177 59.035 58.892 58.749 58.607 58.464 58.321 58.179 58.036 57.894 57.751 57.608 57.466 57.323 57.181 57.038 56.895 56.753 56.610 56.467 56.325 56.182 56.040 55.897 55.754 55.612 55.469 55.326 55.184 55.041 54.899 54.756 54.613 54.471 54.328 54.185 54.043 53.900 53.758 53.615 53.472 53.330 53.187 53.044 52.902 52.759 52.617 52.474 52.331 52.189 52.046 51.904 51.761 51.618 51.476 51.333 51.190 51.048 50.905 50.763 50.620 50.477 50.335 50.192 50.049 49.907 49.764 49.622 49.479 49.336 49.194
59.329 59.187 59.044 58.902 58.759 58.616 58.474 58.331 58.189 58.046 57.904 57.761 57.619 57.476 57.333 57.191 57.048 56.906 56.763 56.621 56.478 56.336 56.193 56.050 55.908 55.765 55.623 55.480 55.338 55.195 55.053 54.910 54.767 54.625 54.482 54.340 54.197 54.055 53.912 53.770 53.627 53.484 53.342 53.199 53.057 52.914 52.772 52.629 52.487 52.344 52.201 52.059 51.916 51.774 51.631 51.489 51.346 51.204 51.061 50.918 50.776 50.633 50.491 50.348 50.206 50.063 49.920 49.778 49.635 49.493 49.350 49.208
59.339 59.196 59.054 58.911 58.769 58.626 58.484 58.341 58.199 58.056 57.914 57.771 57.629 57.486 57.344 57.201 57.059 56.916 56.774 56.631 56.489 56.346 56.204 56.061 55.919 55.776 55.634 55.491 55.349 55.206 55.064 54.921 54.779 54.636 54.494 54.351 54.209 54.066 53.924 53.781 53.639 53.497 53.354 53.212 53.069 52.927 52.784 52.642 52.499 52.357 52.214 52.072 51.929 51.787 51.644 51.502 51.359 51.217 51.074 50.932 50.789 50.647 50.504 50.362 50.219 50.077 49.934 49.792 49.649 49.507 49.364 49.222
59.348 59.206 59.063 58.921 58.778 58.636 58.494 58.351 58.209 58.066 57.924 57.781 57.639 57.497 57.354 57.212 57.069 56.927 56.784 56.642 56.500 56.357 56.215 56.072 55.930 55.787 55.645 55.503 55.360 55.218 55.075 54.933 54.790 54.648 54.506 54.363 54.221 54.078 53.936 53.793 53.651 53.509 53.366 53.224 53.081 52.939 52.796 52.654 52.512 52.369 52.227 52.084 51.942 51.800 51.657 51.515 51.372 51.230 51.087 50.945 50.803 50.660 50.518 50.375 50.233 50.090 49.948 49.806 49.663 49.521 49.378 49.236
59.358 59.215 59.073 58.931 58.788 58.646 58.503 58.361 58.219 58.076 57.934 57.792 57.649 57.507 57.365 57.222 57.080 56.937 56.795 56.653 56.510 56.368 56.226 56.083 55.941 55.799 55.656 55.514 55.371 55.229 55.087 54.944 54.802 54.660 54.517 54.375 54.233 54.090 53.948 53.805 53.663 53.521 53.378 53.236 53.094 52.951 52.809 52.667 52.524 52.382 52.240 52.097 51.955 51.812 51.670 51.528 51.385 51.243 51.101 50.958 50.816 50.674 50.531 50.389 50.246 50.104 49.962 49.819 49.677 49.535 49.392 49.250
59.367 59.225 59.082 58.940 58.798 58.656 58.513 58.371 58.229 58.086 57.944 57.802 57.660 57.517 57.375 57.233 57.090 56.948 56.806 56.663 56.521 56.379 56.237 56.094 55.952 55.810 55.667 55.525 55.383 55.240 55.098 54.956 54.814 54.671 54.529 54.387 54.244 54.102 53.960 53.818 53.675 53.533 53.391 53.248 53.106 52.964 52.821 52.679 52.537 52.395 52.252 52.110 51.968 51.825 51.683 51.541 51.398 51.256 51.114 50.972 50.829 50.687 50.545 50.402 50.260 50.118 49.976 49.833 49.691 49.549 49.406 49.264
59.377 59.234 59.092 58.950 58.808 58.665 58.523 58.381 58.239 58.096 57.954 57.812 57.670 57.528 57.385 57.243 57.101 56.959 56.816 56.674 56.532 56.390 56.248 56.105 55.963 55.821 55.679 55.536 55.394 55.252 55.110 54.967 54.825 54.683 54.541 54.399 54.256 54.114 53.972 53.830 53.687 53.545 53.403 53.261 53.118 52.976 52.834 52.692 52.550 52.407 52.265 52.123 51.981 51.838 51.696 51.554 51.412 51.269 51.127 50.985 50.843 50.701 50.558 50.416 50.274 50.132 49.989 49.847 49.705 49.563 49.420 49.278
59.386 59.244 59.102 58.960 58.817 58.675 58.533 58.391 58.249 58.107 57.964 57.822 57.680 57.538 57.396 57.254 57.111 56.969 56.827 56.685 56.543 56.401 56.258 56.116 55.974 55.832 55.690 55.548 55.405 55.263 55.121 54.979 54.837 54.695 54.552 54.410 54.268 54.126 53.984 53.842 53.699 53.557 53.415 53.273 53.131 52.989 52.846 52.704 52.562 52.420 52.278 52.136 51.994 51.851 51.709 51.567 51.425 51.283 51.141 50.998 50.856 50.714 50.572 50.430 50.288 50.145 50.003 49.861 49.719 49.577 49.435 49.292
59.396 59.254 59.111 58.969 58.827 58.685 58.543 58.401 58.259 58.117 57.975 57.833 57.690 57.548 57.406 57.264 57.122 56.980 56.838 56.696 56.554 56.412 56.269 56.127 55.985 55.843 55.701 55.559 55.417 55.275 55.133 54.991 54.848 54.706 54.564 54.422 54.280 54.138 53.996 53.854 53.712 53.570 53.427 53.285 53.143 53.001 52.859 52.717 52.575 52.433 52.291 52.149 52.006 51.864 51.722 51.580 51.438 51.296 51.154 51.012 50.870 50.728 50.585 50.443 50.301 50.159 50.017 49.875 49.733 49.591 49.449 49.307
59.405 59.263 59.121 58.979 58.837 58.695 58.553 58.411 58.269 58.127 57.985 57.843 57.701 57.559 57.417 57.275 57.133 56.991 56.849 56.707 56.564 56.422 56.280 56.138 55.996 55.854 55.712 55.570 55.428 55.286 55.144 55.002 54.860 54.718 54.576 54.434 54.292 54.150 54.008 53.866 53.724 53.582 53.440 53.298 53.156 53.014 52.872 52.730 52.588 52.446 52.303 52.161 52.019 51.877 51.735 51.593 51.451 51.309 51.167 51.025 50.883 50.741 50.599 50.457 50.315 50.173 50.031 49.889 49.747 49.605 49.463 49.321
59.415 59.273 59.131 58.989 58.847 58.705 58.563 58.421 58.279 58.137 57.995 57.853 57.711 57.569 57.427 57.285 57.143 57.001 56.859 56.717 56.575 56.433 56.291 56.149 56.007 55.866 55.724 55.582 55.440 55.298 55.156 55.014 54.872 54.730 54.588 54.446 54.304 54.162 54.020 53.878 53.736 53.594 53.452 53.310 53.168 53.026 52.884 52.742 52.600 52.458 52.316 52.174 52.032 51.890 51.748 51.606 51.465 51.323 51.181 51.039 50.897 50.755 50.613 50.471 50.329 50.187 50.045 49.903 49.761 49.619 49.477 49.335
59.424 59.282 59.140 58.999 58.857 58.715 58.573 58.431 58.289 58.147 58.005 57.863 57.721 57.580 57.438 57.296 57.154 57.012 56.870 56.728 56.586 56.444 56.302 56.161 56.019 55.877 55.735 55.593 55.451 55.309 55.167 55.025 54.883 54.742 54.600 54.458 54.316 54.174 54.032 53.890 53.748 53.606 53.464 53.323 53.181 53.039 52.897 52.755 52.613 52.471 52.329 52.187 52.045 51.903 51.762 51.620 51.478 51.336 51.194 51.052 50.910 50.768 50.626 50.484 50.343 50.201 50.059 49.917 49.775 49.633 49.491 49.349
59.434 59.292 59.150 59.008 58.867 58.725 58.583 58.441 58.299 58.157 58.015 57.874 57.732 57.590 57.448 57.306 57.164 57.023 56.881 56.739 56.597 56.455 56.313 56.172 56.030 55.888 55.746 55.604 55.462 55.321 55.179 55.037 54.895 54.753 54.611 54.470 54.328 54.186 54.044 53.902 53.760 53.619 53.477 53.335 53.193 53.051 52.909 52.768 52.626 52.484 52.342 52.200 52.058 51.917 51.775 51.633 51.491 51.349 51.207 51.066 50.924 50.782 50.640 50.498 50.356 50.215 50.073 49.931 49.789 49.647 49.505 49.364
59.443 59.302 59.160 59.018 58.876 58.735 58.593 58.451 58.309 58.168 58.026 57.884 57.742 57.600 57.459 57.317 57.175 57.033 56.892 56.750 56.608 56.466 56.325 56.183 56.041 55.899 55.757 55.616 55.474 55.332 55.190 55.049 54.907 54.765 54.623 54.482 54.340 54.198 54.056 53.914 53.773 53.631 53.489 53.347 53.206 53.064 52.922 52.780 52.638 52.497 52.355 52.213 52.071 51.930 51.788 51.646 51.504 51.363 51.221 51.079 50.937 50.795 50.654 50.512 50.370 50.228 50.087 49.945 49.803 49.661 49.520 49.378
59.453 59.311 59.170 59.028 58.886 58.745 58.603 58.461 58.319 58.178 58.036 57.894 57.753 57.611 57.469 57.327 57.186 57.044 56.902 56.761 56.619 56.477 56.336 56.194 56.052 55.910 55.769 55.627 55.485 55.344 55.202 55.060 54.919 54.777 54.635 54.493 54.352 54.210 54.068 53.927 53.785 53.643 53.501 53.360 53.218 53.076 52.935 52.793 52.651 52.510 52.368 52.226 52.084 51.943 51.801 51.659 51.518 51.376 51.234 51.093 50.951 50.809 50.667 50.526 50.384 50.242 50.101 49.959 49.817 49.675 49.534 49.392
59.463 59.321 59.179 59.038 58.896 58.754 58.613 58.471 58.330 58.188 58.046 57.905 57.763 57.621 57.480 57.338 57.196 57.055 56.913 56.772 56.630 56.488 56.347 56.205 56.063 55.922 55.780 55.638 55.497 55.355 55.214 55.072 54.930 54.789 54.647 54.505 54.364 54.222 54.080 53.939 53.797 53.656 53.514 53.372 53.231 53.089 52.947 52.806 52.664 52.522 52.381 52.239 52.098 51.956 51.814 51.673 51.531 51.389 51.248 51.106 50.964 50.823 50.681 50.539 50.398 50.256 50.115 49.973 49.831 49.690 49.548 49.406
59.472 59.331 59.189 59.048 58.906 58.764 58.623 58.481 58.340 58.198 58.057 57.915 57.773 57.632 57.490 57.349 57.207 57.066 56.924 56.782 56.641 56.499 56.358 56.216 56.075 55.933 55.791 55.650 55.508 55.367 55.225 55.084 54.942 54.800 54.659 54.517 54.376 54.234 54.093 53.951 53.809 53.668 53.526 53.385 53.243 53.102 52.960 52.818 52.677 52.535 52.394 52.252 52.111 51.969 51.827 51.686 51.544 51.403 51.261 51.120 50.978 50.836 50.695 50.553 50.412 50.270 50.129 49.987 49.845 49.704 49.562 49.421
59.482 59.340 59.199 59.057 58.916 58.774 58.633 58.491 58.350 58.208 58.067 57.925 57.784 57.642 57.501 57.359 57.218 57.076 56.935 56.793 56.652 56.510 56.369 56.227 56.086 55.944 55.803 55.661 55.520 55.378 55.237 55.095 54.954 54.812 54.671 54.529 54.388 54.246 54.105 53.963 53.822 53.680 53.539 53.397 53.256 53.114 52.973 52.831 52.690 52.548 52.407 52.265 52.124 51.982 51.841 51.699 51.558 51.416 51.275 51.133 50.992 50.850 50.709 50.567 50.426 50.284 50.143 50.001 49.860 49.718 49.577 49.435
59.491 59.350 59.209 59.067 58.926 58.784 58.643 58.501 58.360 58.219 58.077 57.936 57.794 57.653 57.511 57.370 57.228 57.087 56.946 56.804 56.663 56.521 56.380 56.238 56.097 55.956 55.814 55.673 55.531 55.390 55.248 55.107 54.965 54.824 54.683 54.541 54.400 54.258 54.117 53.975 53.834 53.693 53.551 53.410 53.268 53.127 52.985 52.844 52.702 52.561 52.420 52.278 52.137 51.995 51.854 51.712 51.571 51.430 51.288 51.147 51.005 50.864 50.722 50.581 50.439 50.298 50.157 50.015 49.874 49.732 49.591 49.449
59.501 59.360 59.218 59.077 58.936 58.794 58.653 58.512 58.370 58.229 58.087 57.946 57.805 57.663 57.522 57.381 57.239 57.098 56.956 56.815 56.674 56.532 56.391 56.250 56.108 55.967 55.825 55.684 55.543 55.401 55.260 55.119 54.977 54.836 54.694 54.553 54.412 54.270 54.129 53.988 53.846 53.705 53.563 53.422 53.281 53.139 52.998 52.857 52.715 52.574 52.433 52.291 52.150 52.008 51.867 51.726 51.584 51.443 51.302 51.160 51.019 50.877 50.736 50.595 50.453 50.312 50.171 50.029 49.888 49.746 49.605 49.464
59.511 59.369 59.228 59.087 58.946 58.804 58.663 58.522 58.380 58.239 58.098 57.956 57.815 57.674 57.532 57.391 57.250 57.109 56.967 56.826 56.685 56.543 56.402 56.261 56.119 55.978 55.837 55.695 55.554 55.413 55.272 55.130 54.989 54.848 54.706 54.565 54.424 54.282 54.141 54.000 53.859 53.717 53.576 53.435 53.293 53.152 53.011 52.869 52.728 52.587 52.445 52.304 52.163 52.022 51.880 51.739 51.598 51.456 51.315 51.174 51.032 50.891 50.750 50.609 50.467 50.326 50.185 50.043 49.902 49.761 49.619 49.478
59.520 59.379 59.238 59.097 58.955 58.814 58.673 58.532 58.390 58.249 58.108 57.967 57.826 57.684 57.543 57.402 57.261 57.119 56.978 56.837 56.696 56.554 56.413 56.272 56.131 55.989 55.848 55.707 55.566 55.424 55.283 55.142 55.001 54.859 54.718 54.577 54.436 54.295 54.153 54.012 53.871 53.730 53.588 53.447 53.306 53.165 53.023 52.882 52.741 52.600 52.458 52.317 52.176 52.035 51.893 51.752 51.611 51.470 51.329 51.187 51.046 50.905 50.764 50.622 50.481 50.340 50.199 50.057 49.916 49.775 49.634 49.492
59.530 59.389 59.248 59.106 58.965 58.824 58.683 58.542 58.401 58.259 58.118 57.977 57.836 57.695 57.554 57.412 57.271 57.130 56.989 56.848 56.707 56.565 56.424 56.283 56.142 56.001 55.860 55.718 55.577 55.436 55.295 55.154 55.012 54.871 54.730 54.589 54.448 54.307 54.165 54.024 53.883 53.742 53.601 53.460 53.318 53.177 53.036 52.895 52.754 52.613 52.471 52.330 52.189 52.048 51.907 51.766 51.624 51.483 51.342 51.201 51.060 50.918 50.777 50.636 50.495 50.354 50.213 50.071 49.930 49.789 49.648 49.507
59.540 59.399 59.257 59.116 58.975 58.834 58.693 58.552 58.411 58.270 58.129 57.987 57.846 57.705 57.564 57.423 57.282 57.141 57.000 56.859 56.718 56.576 56.435 56.294 56.153 56.012 55.871 55.730 55.589 55.448 55.306 55.165 55.024 54.883 54.742 54.601 54.460 54.319 54.178 54.037 53.895 53.754 53.613 53.472 53.331 53.190 53.049 52.908 52.767 52.625 52.484 52.343 52.202 52.061 51.920 51.779 51.638 51.497 51.356 51.214 51.073 50.932 50.791 50.650 50.509 50.368 50.227 50.086 49.944 49.803 49.662 49.521
59.543 59.402 59.261 59.120 58.979 58.837 58.696 58.555 58.414 58.273 58.132 57.991 57.850 57.709 57.568 57.427 57.286 57.144 57.003 56.862 56.721 56.580 56.439 56.298 56.157 56.016 55.875 55.734 55.593 55.451 55.310 55.169 55.028 54.887 54.746 54.605 54.464 54.323 54.182 54.041 53.900 53.758 53.617 53.476 53.335 53.194 53.053 52.912 52.771 52.630 52.489 52.348 52.207 52.065 51.924 51.783 51.642 51.501 51.360 51.219 51.078 50.937 50.796 50.655 50.513 50.372 50.231 50.090 49.949 49.808 49.667 49.526
59.533 59.392 59.251 59.110 58.969 58.827 58.686 58.545 58.404 58.263 58.122 57.981 57.839 57.698 57.557 57.416 57.275 57.134 56.993 56.851 56.710 56.569 56.428 56.287 56.146 56.004 55.863 55.722 55.581 55.440 55.299 55.158 55.016 54.875 54.734 54.593 54.452 54.311 54.170 54.028 53.887 53.746 53.605 53.464 53.323 53.181 53.040 52.899 52.758 52.617 52.476 52.335 52.193 52.052 51.911 51.770 51.629 51.488 51.347 51.205 51.064 50.923 50.782 50.641 50.500 50.358 50.217 50.076 49.935 49.794 49.653 49.512
59.524 59.382 59.241 59.100 58.959 58.817 58.676 58.535 58.394 58.253 58.111 57.970 57.829 57.688 57.547 57.405 57.264 57.123 56.982 56.840 56.699 56.558 56.417 56.276 56.134 55.993 55.852 55.711 55.570 55.428 55.287 55.146 55.005 54.863 54.722 54.581 54.440 54.299 54.157 54.016 53.875 53.734 53.592 53.451 53.310 53.169 53.028 52.886 52.745 52.604 52.463 52.322 52.180 52.039 51.898 51.757 51.615 51.474 51.333 51.192 51.051 50.909 50.768 50.627 50.486 50.344 50.203 50.062 49.921 49.780 49.638 49.497
59.514 59.373 59.231 59.090 58.949 58.808 58.666 58.525 58.384 58.242 58.101 57.960 57.819 57.677 57.536 57.395 57.253 57.112 56.971 56.830 56.688 56.547 56.406 56.264 56.123 55.982 55.841 55.699 55.558 55.417 55.275 55.134 54.993 54.852 54.710 54.569 54.428 54.286 54.145 54.004 53.863 53.721 53.580 53.439 53.297 53.156 53.015 52.874 52.732 52.591 52.450 52.309 52.167 52.026 51.885 51.743 51.602 51.461 51.320 51.178 51.037 50.896 50.754 50.613 50.472 50.331 50.189 50.048 49.907 49.765 49.624 49.483
59.504 59.363 59.222 59.080 58.939 58.798 58.656 58.515 58.374 58.232 58.091 57.949 57.808 57.667 57.525 57.384 57.243 57.101 56.960 56.819 56.677 56.536 56.395 56.253 56.112 55.971 55.829 55.688 55.547 55.405 55.264 55.122 54.981 54.840 54.698 54.557 54.416 54.274 54.133 53.992 53.850 53.709 53.568 53.426 53.285 53.144 53.002 52.861 52.720 52.578 52.437 52.295 52.154 52.013 51.871 51.730 51.589 51.447 51.306 51.165 51.023 50.882 50.741 50.599 50.458 50.317 50.175 50.034 49.893 49.751 49.610 49.468
