in/test_suite/GMD2017/CliffFineSandBays/consolidated_sand_01.asc
ncols	500
nrows	1000
xllcorner	1.000
yllcorner	1.000
cellsize	1.000
NODATA_value	-9999.000
[rows 132 to 164 of 1000, columns 74 to 147 of 500]
17.230 17.193 17.156 17.119 17.082 17.045 17.008 16.971 16.934 16.897 16.860 16.824 16.787 16.750 16.713 16.676 16.639 16.602 16.565 16.528 16.491 16.454 16.417 16.380 16.343 16.306 16.270 16.233 16.196 16.159 16.122 16.085 16.048 16.011 15.974 15.937 15.900 15.863 15.826 15.789 15.752 15.715 15.679 15.642 15.605 15.568 15.531 15.494 15.457 15.420 15.383 15.346 15.309 15.272 15.235 15.198 15.161 15.125 15.088 15.051 15.014 14.977 14.940 14.903 14.866 14.829 14.792 14.755 14.718 14.681 14.644 14.607 14.570 14.534
17.229 17.193 17.156 17.119 17.082 17.045 17.008 16.971 16.934 16.897 16.860 16.823 16.786 16.749 16.712 16.675 16.638 16.601 16.565 16.528 16.491 16.454 16.417 16.380 16.343 16.306 16.269 16.232 16.195 16.158 16.121 16.084 16.047 16.010 15.973 15.937 15.900 15.863 15.826 15.789 15.752 15.715 15.678 15.641 15.604 15.567 15.530 15.493 15.456 15.419 15.382 15.345 15.309 15.272 15.235 15.198 15.161 15.124 15.087 15.050 15.013 14.976 14.939 14.902 14.865 14.828 14.791 14.754 14.717 14.681 14.644 14.607 14.570 14.533
17.229 17.192 17.155 17.118 17.081 17.044 17.007 16.970 16.934 16.897 16.860 16.823 16.786 16.749 16.712 16.675 16.638 16.601 16.564 16.527 16.490 16.453 16.416 16.379 16.342 16.305 16.268 16.232 16.195 16.158 16.121 16.084 16.047 16.010 15.973 15.936 15.899 15.862 15.825 15.788 15.751 15.714 15.677 15.640 15.603 15.567 15.530 15.493 15.456 15.419 15.382 15.345 15.308 15.271 15.234 15.197 15.160 15.123 15.086 15.049 15.012 14.975 14.938 14.901 14.865 14.828 14.791 14.754 14.717 14.680 14.643 14.606 14.569 14.532
17.229 17.192 17.155 17.118 17.081 17.044 17.007 16.970 16.933 16.896 16.859 16.822 16.785 16.748 16.711 16.674 16.637 16.601 16.564 16.527 16.490 16.453 16.416 16.379 16.342 16.305 16.268 16.231 16.194 16.157 16.120 16.083 16.046 16.009 15.972 15.935 15.898 15.862 15.825 15.788 15.751 15.714 15.677 15.640 15.603 15.566 15.529 15.492 15.455 15.418 15.381 15.344 15.307 15.270 15.233 15.196 15.159 15.123 15.086 15.049 15.012 14.975 14.938 14.901 14.864 14.827 14.790 14.753 14.716 14.679 14.642 14.605 14.568 14.531
17.228 17.191 17.154 17.117 17.081 17.044 17.007 16.970 16.933 16.896 16.859 16.822 16.785 16.748 16.711 16.674 16.637 16.600 16.563 16.526 16.489 16.452 16.415 16.378 16.341 16.304 16.267 16.231 16.194 16.157 16.120 16.083 16.046 16.009 15.972 15.935 15.898 15.861 15.824 15.787 15.750 15.713 15.676 15.639 15.602 15.565 15.528 15.491 15.454 15.418 15.381 15.344 15.307 15.270 15.233 15.196 15.159 15.122 15.085 15.048 15.011 14.974 14.937 14.900 14.863 14.826 14.789 14.752 14.715 14.678 14.641 14.604 14.568 14.531
17.228 17.191 17.154 17.117 17.080 17.043 17.006 16.969 16.932 16.895 16.858 16.821 16.784 16.748 16.711 16.674 16.637 16.600 16.563 16.526 16.489 16.452 16.415 16.378 16.341 16.304 16.267 16.230 16.193 16.156 16.119 16.082 16.045 16.008 15.971 15.934 15.897 15.860 15.823 15.787 15.750 15.713 15.676 15.639 15.602 15.565 15.528 15.491 15.454 15.417 15.380 15.343 15.306 15.269 15.232 15.195 15.158 15.121 15.084 15.047 15.010 14.973 14.936 14.899 14.863 14.826 14.789 14.752 14.715 14.678 14.641 14.604 14.567 14.530
17.228 17.191 17.154 17.117 17.080 17.043 17.006 16.969 16.932 16.895 16.858 16.821 16.784 16.747 16.710 16.673 16.636 16.599 16.562 16.525 16.488 16.451 16.414 16.377 16.340 16.304 16.267 16.230 16.193 16.156 16.119 16.082 16.045 16.008 15.971 15.934 15.897 15.860 15.823 15.786 15.749 15.712 15.675 15.638 15.601 15.564 15.527 15.490 15.453 15.416 15.379 15.342 15.305 15.269 15.232 15.195 15.158 15.121 15.084 15.047 15.010 14.973 14.936 14.899 14.862 14.825 14.788 14.751 14.714 14.677 14.640 14.603 14.566 14.529
17.227 17.190 17.153 17.116 17.079 17.042 17.006 16.969 16.932 16.895 16.858 16.821 16.784 16.747 16.710 16.673 16.636 16.599 16.562 16.525 16.488 16.451 16.414 16.377 16.340 16.303 16.266 16.229 16.192 16.155 16.118 16.081 16.044 16.007 15.970 15.933 15.896 15.859 15.822 15.786 15.749 15.712 15.675 15.638 15.601 15.564 15.527 15.490 15.453 15.416 15.379 15.342 15.305 15.268 15.231 15.194 15.157 15.120 15.083 15.046 15.009 14.972 14.935 14.898 14.861 14.824 14.787 14.750 14.713 14.676 14.639 14.603 14.566 14.529
17.227 17.190 17.153 17.116 17.079 17.042 17.005 16.968 16.931 16.894 16.857 16.820 16.783 16.746 16.709 16.672 16.635 16.598 16.561 16.525 16.488 16.451 16.414 16.377 16.340 16.303 16.266 16.229 16.192 16.155 16.118 16.081 16.044 16.007 15.970 15.933 15.896 15.859 15.822 15.785 15.748 15.711 15.674 15.637 15.600 15.563 15.526 15.489 15.452 15.415 15.378 15.341 15.304 15.267 15.230 15.193 15.157 15.120 15.083 15.046 15.009 14.972 14.935 14.898 14.861 14.824 14.787 14.750 14.713 14.676 14.639 14.602 14.565 14.528
17.227 17.190 17.153 17.116 17.079 17.042 17.005 16.968 16.931 16.894 16.857 16.820 16.783 16.746 16.709 16.672 16.635 16.598 16.561 16.524 16.487 16.450 16.413 16.376 16.339 16.302 16.265 16.228 16.191 16.154 16.117 16.080 16.043 16.006 15.969 15.932 15.896 15.859 15.822 15.785 15.748 15.711 15.674 15.637 15.600 15.563 15.526 15.489 15.452 15.415 15.378 15.341 15.304 15.267 15.230 15.193 15.156 15.119 15.082 15.045 15.008 14.971 14.934 14.897 14.860 14.823 14.786 14.749 14.712 14.675 14.638 14.601 14.564 14.527
17.226 17.189 17.152 17.115 17.078 17.042 17.005 16.968 16.931 16.894 16.857 16.820 16.783 16.746 16.709 16.672 16.635 16.598 16.561 16.524 16.487 16.450 16.413 16.376 16.339 16.302 16.265 16.228 16.191 16.154 16.117 16.080 16.043 16.006 15.969 15.932 15.895 15.858 15.821 15.784 15.747 15.710 15.673 15.636 15.599 15.562 15.525 15.488 15.451 15.414 15.377 15.340 15.303 15.266 15.229 15.192 15.155 15.118 15.081 15.045 15.008 14.971 14.934 14.897 14.860 14.823 14.786 14.749 14.712 14.675 14.638 14.601 14.564 14.527
17.226 17.189 17.152 17.115 17.078 17.041 17.004 16.967 16.930 16.893 16.856 16.819 16.782 16.745 16.708 16.671 16.634 16.597 16.560 16.523 16.486 16.449 16.412 16.375 16.338 16.302 16.265 16.228 16.191 16.154 16.117 16.080 16.043 16.006 15.969 15.932 15.895 15.858 15.821 15.784 15.747 15.710 15.673 15.636 15.599 15.562 15.525 15.488 15.451 15.414 15.377 15.340 15.303 15.266 15.229 15.192 15.155 15.118 15.081 15.044 15.007 14.970 14.933 14.896 14.859 14.822 14.785 14.748 14.711 14.674 14.637 14.600 14.563 14.526
17.226 17.189 17.152 17.115 17.078 17.041 17.004 16.967 16.930 16.893 16.856 16.819 16.782 16.745 16.708 16.671 16.634 16.597 16.560 16.523 16.486 16.449 16.412 16.375 16.338 16.301 16.264 16.227 16.190 16.153 16.116 16.079 16.042 16.005 15.968 15.931 15.894 15.857 15.820 15.783 15.746 15.709 15.672 15.635 15.598 15.561 15.524 15.487 15.450 15.413 15.376 15.339 15.302 15.265 15.228 15.191 15.154 15.118 15.081 15.044 15.007 14.970 14.933 14.896 14.859 14.822 14.785 14.748 14.711 14.674 14.637 14.600 14.563 14.526
17.226 17.189 17.152 17.115 17.078 17.041 17.004 16.967 16.930 16.893 16.856 16.819 16.782 16.745 16.708 16.671 16.634 16.597 16.560 16.523 16.486 16.449 16.412 16.375 16.338 16.301 16.264 16.227 16.190 16.153 16.116 16.079 16.042 16.005 15.968 15.931 15.894 15.857 15.820 15.783 15.746 15.709 15.672 15.635 15.598 15.561 15.524 15.487 15.450 15.413 15.376 15.339 15.302 15.265 15.228 15.191 15.154 15.117 15.080 15.043 15.006 14.969 14.932 14.895 14.858 14.821 14.784 14.747 14.710 14.673 14.636 14.599 14.562 14.525
17.225 17.188 17.151 17.114 17.077 17.040 17.003 16.966 16.929 16.892 16.855 16.818 16.781 16.744 16.707 16.670 16.633 16.596 16.559 16.522 16.485 16.448 16.411 16.374 16.337 16.300 16.263 16.226 16.189 16.152 16.115 16.078 16.042 16.005 15.968 15.931 15.894 15.857 15.820 15.783 15.746 15.709 15.672 15.635 15.598 15.561 15.524 15.487 15.450 15.413 15.376 15.339 15.302 15.265 15.228 15.191 15.154 15.117 15.080 15.043 15.006 14.969 14.932 14.895 14.858 14.821 14.784 14.747 14.710 14.673 14.636 14.599 14.562 14.525
17.225 17.188 17.151 17.114 17.077 17.040 17.003 16.966 16.929 16.892 16.855 16.818 16.781 16.744 16.707 16.670 16.633 16.596 16.559 16.522 16.485 16.448 16.411 16.374 16.337 16.300 16.263 16.226 16.189 16.152 16.115 16.078 16.041 16.004 15.967 15.930 15.893 15.856 15.819 15.782 15.745 15.708 15.671 15.634 15.597 15.560 15.523 15.486 15.449 15.412 15.375 15.338 15.301 15.264 15.227 15.190 15.153 15.116 15.079 15.042 15.005 14.968 14.931 14.894 14.857 14.820 14.783 14.746 14.709 14.672 14.635 14.598 14.561 14.524
17.225 17.188 17.151 17.114 17.077 17.040 17.003 16.966 16.929 16.892 16.855 16.818 16.781 16.744 16.707 16.670 16.633 16.596 16.559 16.522 16.485 16.448 16.411 16.374 16.337 16.300 16.263 16.226 16.189 16.152 16.115 16.078 16.041 16.004 15.967 15.930 15.893 15.856 15.819 15.782 15.745 15.708 15.671 15.634 15.597 15.560 15.523 15.486 15.449 15.412 15.375 15.338 15.301 15.264 15.227 15.190 15.153 15.116 15.079 15.042 15.005 14.968 14.931 14.894 14.857 14.820 14.783 14.746 14.709 14.672 14.635 14.598 14.561 14.524
17.225 17.188 17.151 17.114 17.077 17.040 17.003 16.966 16.929 16.892 16.855 16.818 16.781 16.744 16.707 16.670 16.633 16.596 16.559 16.522 16.485 16.448 16.411 16.374 16.337 16.300 16.263 16.226 16.189 16.152 16.115 16.078 16.041 16.004 15.967 15.930 15.893 15.856 15.819 15.782 15.745 15.708 15.670 15.633 15.596 15.559 15.522 15.485 15.448 15.411 15.374 15.337 15.300 15.263 15.226 15.189 15.152 15.115 15.078 15.041 15.004 14.967 14.930 14.893 14.856 14.819 14.782 14.745 14.708 14.671 14.634 14.597 14.560 14.523
17.224 17.187 17.150 17.113 17.076 17.039 17.002 16.965 16.928 16.891 16.854 16.817 16.780 16.743 16.706 16.669 16.632 16.595 16.558 16.521 16.484 16.447 16.410 16.373 16.336 16.299 16.262 16.225 16.188 16.151 16.114 16.077 16.040 16.003 15.966 15.929 15.892 15.855 15.818 15.781 15.744 15.707 15.670 15.633 15.596 15.559 15.522 15.485 15.448 15.411 15.374 15.337 15.300 15.263 15.226 15.189 15.152 15.115 15.078 15.041 15.004 14.967 14.930 14.893 14.856 14.819 14.782 14.745 14.708 14.671 14.634 14.597 14.560 14.523
17.224 17.187 17.150 17.113 17.076 17.039 17.002 16.965 16.928 16.891 16.854 16.817 16.780 16.743 16.706 16.669 16.632 16.595 16.558 16.521 16.484 16.447 16.410 16.373 16.336 16.299 16.262 16.225 16.188 16.151 16.114 16.077 16.040 16.003 15.966 15.929 15.892 15.855 15.818 15.781 15.744 15.707 15.670 15.633 15.596 15.559 15.522 15.485 15.448 15.411 15.374 15.337 15.300 15.263 15.226 15.189 15.152 15.115 15.078 15.041 15.004 14.967 14.930 14.893 14.856 14.819 14.782 14.745 14.708 14.671 14.634 14.597 14.560 14.523
17.224 17.187 17.150 17.113 17.076 17.039 17.002 16.965 16.928 16.891 16.854 16.817 16.780 16.743 16.706 16.669 16.632 16.595 16.558 16.521 16.484 16.447 16.410 16.373 16.336 16.299 16.262 16.225 16.188 16.151 16.114 16.077 16.040 16.003 15.966 15.929 15.892 15.855 15.818 15.781 15.744 15.707 15.670 15.633 15.596 15.559 15.522 15.485 15.448 15.411 15.374 15.337 15.299 15.262 15.225 15.188 15.151 15.114 15.077 15.040 15.003 14.966 14.929 14.892 14.855 14.818 14.781 14.744 14.707 14.670 14.633 14.596 14.559 14.522
17.224 17.187 17.150 17.113 17.076 17.039 17.002 16.965 16.928 16.891 16.854 16.817 16.780 16.743 16.706 16.669 16.632 16.595 16.558 16.521 16.484 16.447 16.410 16.373 16.336 16.299 16.262 16.225 16.188 16.151 16.114 16.077 16.039 16.002 15.965 15.928 15.891 15.854 15.817 15.780 15.743 15.706 15.669 15.632 15.595 15.558 15.521 15.484 15.447 15.410 15.373 15.336 15.299 15.262 15.225 15.188 15.151 15.114 15.077 15.040 15.003 14.966 14.929 14.892 14.855 14.818 14.781 14.744 14.707 14.670 14.633 14.596 14.559 14.522
17.224 17.187 17.150 17.113 17.076 17.039 17.002 16.965 16.928 16.891 16.854 16.817 16.780 16.743 16.706 16.669 16.632 16.595 16.558 16.520 16.483 16.446 16.409 16.372 16.335 16.298 16.261 16.224 16.187 16.150 16.113 16.076 16.039 16.002 15.965 15.928 15.891 15.854 15.817 15.780 15.743 15.706 15.669 15.632 15.595 15.558 15.521 15.484 15.447 15.410 15.373 15.336 15.299 15.262 15.225 15.188 15.151 15.114 15.077 15.040 15.003 14.966 14.929 14.892 14.855 14.818 14.781 14.744 14.707 14.670 14.633 14.596 14.559 14.522
17.224 17.187 17.150 17.113 17.076 17.039 17.002 16.965 16.928 16.890 16.853 16.816 16.779 16.742 16.705 16.668 16.631 16.594 16.557 16.520 16.483 16.446 16.409 16.372 16.335 16.298 16.261 16.224 16.187 16.150 16.113 16.076 16.039 16.002 15.965 15.928 15.891 15.854 15.817 15.780 15.743 15.706 15.669 15.632 15.595 15.558 15.521 15.484 15.447 15.410 15.373 15.336 15.299 15.262 15.225 15.188 15.151 15.114 15.077 15.040 15.003 14.966 14.929 14.892 14.854 14.817 14.780 14.743 14.706 14.669 14.632 14.595 14.558 14.521
17.224 17.186 17.149 17.112 17.075 17.038 17.001 16.964 16.927 16.890 16.853 16.816 16.779 16.742 16.705 16.668 16.631 16.594 16.557 16.520 16.483 16.446 16.409 16.372 16.335 16.298 16.261 16.224 16.187 16.150 16.113 16.076 16.039 16.002 15.965 15.928 15.891 15.854 15.817 15.780 15.743 15.706 15.669 15.632 15.595 15.558 15.521 15.484 15.447 15.410 15.373 15.336 15.298 15.261 15.224 15.187 15.150 15.113 15.076 15.039 15.002 14.965 14.928 14.891 14.854 14.817 14.780 14.743 14.706 14.669 14.632 14.595 14.558 14.521
17.223 17.186 17.149 17.112 17.075 17.038 17.001 16.964 16.927 16.890 16.853 16.816 16.779 16.742 16.705 16.668 16.631 16.594 16.557 16.520 16.483 16.446 16.409 16.372 16.335 16.298 16.261 16.224 16.187 16.150 16.113 16.076 16.039 16.002 15.965 15.928 15.891 15.854 15.817 15.780 15.743 15.706 15.669 15.631 15.594 15.557 15.520 15.483 15.446 15.409 15.372 15.335 15.298 15.261 15.224 15.187 15.150 15.113 15.076 15.039 15.002 14.965 14.928 14.891 14.854 14.817 14.780 14.743 14.706 14.669 14.632 14.595 14.558 14.521
17.223 17.186 17.149 17.112 17.075 17.038 17.001 16.964 16.927 16.890 16.853 16.816 16.779 16.742 16.705 16.668 16.631 16.594 16.557 16.520 16.483 16.446 16.409 16.372 16.335 16.298 16.261 16.224 16.187 16.150 16.113 16.076 16.039 16.002 15.965 15.927 15.890 15.853 15.816 15.779 15.742 15.705 15.668 15.631 15.594 15.557 15.520 15.483 15.446 15.409 15.372 15.335 15.298 15.261 15.224 15.187 15.150 15.113 15.076 15.039 15.002 14.965 14.928 14.891 14.854 14.817 14.780 14.743 14.706 14.669 14.632 14.595 14.558 14.521
17.223 17.186 17.149 17.112 17.075 17.038 17.001 16.964 16.927 16.890 16.853 16.816 16.779 16.742 16.705 16.668 16.631 16.594 16.557 16.520 16.483 16.446 16.409 16.372 16.335 16.298 16.261 16.224 16.187 16.149 16.112 16.075 16.038 16.001 15.964 15.927 15.890 15.853 15.816 15.779 15.742 15.705 15.668 15.631 15.594 15.557 15.520 15.483 15.446 15.409 15.372 15.335 15.298 15.261 15.224 15.187 15.150 15.113 15.076 15.039 15.002 14.965 14.928 14.891 14.854 14.817 14.780 14.743 14.706 14.669 14.632 14.594 14.557 14.520
17.223 17.186 17.149 17.112 17.075 17.038 17.001 16.964 16.927 16.890 16.853 16.816 16.779 16.742 16.705 16.668 16.631 16.594 16.557 16.520 16.483 16.446 16.409 16.372 16.335 16.297 16.260 16.223 16.186 16.149 16.112 16.075 16.038 16.001 15.964 15.927 15.890 15.853 15.816 15.779 15.742 15.705 15.668 15.631 15.594 15.557 15.520 15.483 15.446 15.409 15.372 15.335 15.298 15.261 15.224 15.187 15.150 15.113 15.076 15.039 15.002 14.965 14.928 14.891 14.853 14.816 14.779 14.742 14.705 14.668 14.631 14.594 14.557 14.520
17.223 17.186 17.149 17.112 17.075 17.038 17.001 16.964 16.927 16.890 16.853 16.816 16.779 16.742 16.705 16.668 16.631 16.594 16.557 16.520 16.483 16.445 16.408 16.371 16.334 16.297 16.260 16.223 16.186 16.149 16.112 16.075 16.038 16.001 15.964 15.927 15.890 15.853 15.816 15.779 15.742 15.705 15.668 15.631 15.594 15.557 15.520 15.483 15.446 15.409 15.372 15.335 15.298 15.261 15.224 15.187 15.150 15.113 15.076 15.038 15.001 14.964 14.927 14.890 14.853 14.816 14.779 14.742 14.705 14.668 14.631 14.594 14.557 14.520
17.223 17.186 17.149 17.112 17.075 17.038 17.001 16.964 16.927 16.890 16.853 16.816 16.779 16.742 16.705 16.668 16.631 16.594 16.556 16.519 16.482 16.445 16.408 16.371 16.334 16.297 16.260 16.223 16.186 16.149 16.112 16.075 16.038 16.001 15.964 15.927 15.890 15.853 15.816 15.779 15.742 15.705 15.668 15.631 15.594 15.557 15.520 15.483 15.446 15.409 15.372 15.335 15.298 15.261 15.224 15.186 15.149 15.112 15.075 15.038 15.001 14.964 14.927 14.890 14.853 14.816 14.779 14.742 14.705 14.668 14.631 14.594 14.557 14.520
17.223 17.186 17.149 17.112 17.075 17.038 17.001 16.964 16.927 16.890 16.853 16.816 16.779 16.742 16.705 16.668 16.630 16.593 16.556 16.519 16.482 16.445 16.408 16.371 16.334 16.297 16.260 16.223 16.186 16.149 16.112 16.075 16.038 16.001 15.964 15.927 15.890 15.853 15.816 15.779 15.742 15.705 15.668 15.631 15.594 15.557 15.520 15.483 15.446 15.409 15.372 15.335 15.297 15.260 15.223 15.186 15.149 15.112 15.075 15.038 15.001 14.964 14.927 14.890 14.853 14.816 14.779 14.742 14.705 14.668 14.631 14.594 14.557 14.520
17.223 17.186 17.149 17.112 17.075 17.038 17.001 16.964 16.927 16.890 16.853 16.816 16.779 16.742 16.704 16.667 16.630 16.593 16.556 16.519 16.482 16.445 16.408 16.371 16.334 16.297 16.260 16.223 16.186 16.149 16.112 16.075 16.038 16.001 15.964 15.927 15.890 15.853 15.816 15.779 15.742 15.705 15.668 15.631 15.594 15.557 15.520 15.483 15.446 15.409 15.371 15.334 15.297 15.260 15.223 15.186 15.149 15.112 15.075 15.038 15.001 14.964 14.927 14.890 14.853 14.816 14.779 14.742 14.705 14.668 14.631 14.594 14.557 14.520
