in/test_suite/GMD2017/CliffFineSandBays/consolidated_fine_01.asc
ncols	500
nrows	1000
xllcorner	1.000
yllcorner	1.000
cellsize	1.000
NODATA_value	-9999.000
[rows 288 to 319 of 1000, columns 0 to 71 of 500]
79.856 79.712 79.568 79.424 79.280 79.136 78.992 78.848 78.704 78.560 78.416 78.272 78.128 77.984 77.840 77.696 77.552 77.408 77.264 77.120 76.976 76.832 76.688 76.544 76.400 76.256 76.112 75.968 75.824 75.680 75.536 75.393 75.249 75.105 74.961 74.817 74.673 74.529 74.385 74.241 74.097 73.953 73.809 73.665 73.521 73.377 73.233 73.089 72.945 72.801 72.657 72.513 72.369 72.225 72.081 71.937 71.793 71.649 71.505 71.361 71.217 71.073 70.929 70.785 70.641 70.497 70.353 70.209 70.065 69.921 69.777 69.633
79.856 79.712 79.568 79.424 79.280 79.136 78.993 78.849 78.705 78.561 78.417 78.273 78.129 77.985 77.841 77.697 77.553 77.409 77.265 77.122 76.978 76.834 76.690 76.546 76.402 76.258 76.114 75.970 75.826 75.682 75.538 75.394 75.251 75.107 74.963 74.819 74.675 74.531 74.387 74.243 74.099 73.955 73.811 73.667 73.523 73.380 73.236 73.092 72.948 72.804 72.660 72.516 72.372 72.228 72.084 71.940 71.796 71.652 71.509 71.365 71.221 71.077 70.933 70.789 70.645 70.501 70.357 70.213 70.069 69.925 69.781 69.638
79.856 79.712 79.568 79.425 79.281 79.137 78.993 78.849 78.705 78.561 78.418 78.274 78.130 77.986 77.842 77.698 77.554 77.410 77.267 77.123 76.979 76.835 76.691 76.547 76.403 76.260 76.116 75.972 75.828 75.684 75.540 75.396 75.253 75.109 74.965 74.821 74.677 74.533 74.389 74.245 74.102 73.958 73.814 73.670 73.526 73.382 73.238 73.095 72.951 72.807 72.663 72.519 72.375 72.231 72.088 71.944 71.800 71.656 71.512 71.368 71.224 71.081 70.937 70.793 70.649 70.505 70.361 70.217 70.073 69.930 69.786 69.642
79.856 79.712 79.569 79.425 79.281 79.137 78.993 78.850 78.706 78.562 78.418 78.274 78.131 77.987 77.843 77.699 77.555 77.412 77.268 77.124 76.980 76.836 76.693 76.549 76.405 76.261 76.117 75.974 75.830 75.686 75.542 75.398 75.255 75.111 74.967 74.823 74.679 74.536 74.392 74.248 74.104 73.960 73.817 73.673 73.529 73.385 73.241 73.098 72.954 72.810 72.666 72.522 72.379 72.235 72.091 71.947 71.803 71.660 71.516 71.372 71.228 71.084 70.941 70.797 70.653 70.509 70.365 70.221 70.078 69.934 69.790 69.646
79.856 79.713 79.569 79.425 79.281 79.138 78.994 78.850 78.706 78.563 78.419 78.275 78.131 77.988 77.844 77.700 77.556 77.413 77.269 77.125 76.981 76.838 76.694 76.550 76.406 76.263 76.119 75.975 75.832 75.688 75.544 75.400 75.257 75.113 74.969 74.825 74.682 74.538 74.394 74.250 74.107 73.963 73.819 73.675 73.532 73.388 73.244 73.100 72.957 72.813 72.669 72.526 72.382 72.238 72.094 71.951 71.807 71.663 71.519 71.376 71.232 71.088 70.944 70.801 70.657 70.513 70.369 70.226 70.082 69.938 69.794 69.651
79.856 79.713 79.569 79.425 79.282 79.138 78.994 78.851 78.707 78.563 78.420 78.276 78.132 77.988 77.845 77.701 77.557 77.414 77.270 77.126 76.983 76.839 76.695 76.552 76.408 76.264 76.121 75.977 75.833 75.690 75.546 75.402 75.259 75.115 74.971 74.828 74.684 74.540 74.397 74.253 74.109 73.965 73.822 73.678 73.534 73.391 73.247 73.103 72.960 72.816 72.672 72.529 72.385 72.241 72.098 71.954 71.810 71.667 71.523 71.379 71.236 71.092 70.948 70.805 70.661 70.517 70.374 70.230 70.086 69.942 69.799 69.655
79.856 79.713 79.569 79.426 79.282 79.138 78.995 78.851 78.707 78.564 78.420 78.277 78.133 77.989 77.846 77.702 77.559 77.415 77.271 77.128 76.984 76.840 76.697 76.553 76.410 76.266 76.122 75.979 75.835 75.691 75.548 75.404 75.261 75.117 74.973 74.830 74.686 74.543 74.399 74.255 74.112 73.968 73.824 73.681 73.537 73.394 73.250 73.106 72.963 72.819 72.676 72.532 72.388 72.245 72.101 71.957 71.814 71.670 71.527 71.383 71.239 71.096 70.952 70.809 70.665 70.521 70.378 70.234 70.090 69.947 69.803 69.660
79.856 79.713 79.569 79.426 79.282 79.139 78.995 78.852 78.708 78.564 78.421 78.277 78.134 77.990 77.847 77.703 77.560 77.416 77.272 77.129 76.985 76.842 76.698 76.555 76.411 76.268 76.124 75.980 75.837 75.693 75.550 75.406 75.263 75.119 74.976 74.832 74.688 74.545 74.401 74.258 74.114 73.971 73.827 73.684 73.540 73.396 73.253 73.109 72.966 72.822 72.679 72.535 72.392 72.248 72.104 71.961 71.817 71.674 71.530 71.387 71.243 71.100 70.956 70.813 70.669 70.525 70.382 70.238 70.095 69.951 69.808 69.664
79.857 79.713 79.570 79.426 79.283 79.139 78.996 78.852 78.709 78.565 78.422 78.278 78.135 77.991 77.848 77.704 77.561 77.417 77.274 77.130 76.987 76.843 76.700 76.556 76.413 76.269 76.126 75.982 75.839 75.695 75.552 75.408 75.265 75.121 74.978 74.834 74.691 74.547 74.404 74.260 74.117 73.973 73.830 73.686 73.543 73.399 73.256 73.112 72.969 72.825 72.682 72.538 72.395 72.251 72.108 71.964 71.821 71.677 71.534 71.390 71.247 71.103 70.960 70.816 70.673 70.530 70.386 70.243 70.099 69.956 69.812 69.669
79.857 79.713 79.570 79.426 79.283 79.139 78.996 78.853 78.709 78.566 78.422 78.279 78.135 77.992 77.849 77.705 77.562 77.418 77.275 77.131 76.988 76.845 76.701 76.558 76.414 76.271 76.127 75.984 75.841 75.697 75.554 75.410 75.267 75.123 74.980 74.837 74.693 74.550 74.406 74.263 74.119 73.976 73.833 73.689 73.546 73.402 73.259 73.115 72.972 72.829 72.685 72.542 72.398 72.255 72.111 71.968 71.824 71.681 71.538 71.394 71.251 71.107 70.964 70.820 70.677 70.534 70.390 70.247 70.103 69.960 69.816 69.673
79.857 79.713 79.570 79.427 79.283 79.140 78.996 78.853 78.710 78.566 78.423 78.280 78.136 77.993 77.849 77.706 77.563 77.419 77.276 77.133 76.989 76.846 76.703 76.559 76.416 76.272 76.129 75.986 75.842 75.699 75.556 75.412 75.269 75.126 74.982 74.839 74.695 74.552 74.409 74.265 74.122 73.979 73.835 73.692 73.548 73.405 73.262 73.118 72.975 72.832 72.688 72.545 72.402 72.258 72.115 71.971 71.828 71.685 71.541 71.398 71.255 71.111 70.968 70.825 70.681 70.538 70.394 70.251 70.108 69.964 69.821 69.678
79.857 79.713 79.570 79.427 79.283 79.140 78.997 78.854 78.710 78.567 78.424 78.280 78.137 77.994 77.850 77.707 77.564 77.421 77.277 77.134 76.991 76.847 76.704 76.561 76.417 76.274 76.131 75.987 75.844 75.701 75.558 75.414 75.271 75.128 74.984 74.841 74.698 74.554 74.411 74.268 74.125 73.981 73.838 73.695 73.551 73.408 73.265 73.121 72.978 72.835 72.691 72.548 72.405 72.262 72.118 71.975 71.832 71.688 71.545 71.402 71.258 71.115 70.972 70.829 70.685 70.542 70.399 70.255 70.112 69.969 69.825 69.682
79.857 79.714 79.570 79.427 79.284 79.141 78.997 78.854 78.711 78.568 78.424 78.281 78.138 77.995 77.851 77.708 77.565 77.422 77.278 77.135 76.992 76.849 76.705 76.562 76.419 76.276 76.132 75.989 75.846 75.703 75.560 75.416 75.273 75.130 74.987 74.843 74.700 74.557 74.414 74.270 74.127 73.984 73.841 73.697 73.554 73.411 73.268 73.124 72.981 72.838 72.695 72.551 72.408 72.265 72.122 71.978 71.835 71.692 71.549 71.406 71.262 71.119 70.976 70.833 70.689 70.546 70.403 70.260 70.116 69.973 69.830 69.687
79.857 79.714 79.570 79.427 79.284 79.141 78.998 78.855 78.711 78.568 78.425 78.282 78.139 77.996 77.852 77.709 77.566 77.423 77.280 77.136 76.993 76.850 76.707 76.564 76.421 76.277 76.134 75.991 75.848 75.705 75.561 75.418 75.275 75.132 74.989 74.846 74.702 74.559 74.416 74.273 74.130 73.987 73.843 73.700 73.557 73.414 73.271 73.127 72.984 72.841 72.698 72.555 72.412 72.268 72.125 71.982 71.839 71.696 71.553 71.409 71.266 71.123 70.980 70.837 70.693 70.550 70.407 70.264 70.121 69.978 69.834 69.691
79.857 79.714 79.571 79.428 79.284 79.141 78.998 78.855 78.712 78.569 78.426 78.283 78.140 77.996 77.853 77.710 77.567 77.424 77.281 77.138 76.995 76.851 76.708 76.565 76.422 76.279 76.136 75.993 75.850 75.707 75.563 75.420 75.277 75.134 74.991 74.848 74.705 74.562 74.419 74.275 74.132 73.989 73.846 73.703 73.560 73.417 73.274 73.131 72.987 72.844 72.701 72.558 72.415 72.272 72.129 71.986 71.842 71.699 71.556 71.413 71.270 71.127 70.984 70.841 70.698 70.554 70.411 70.268 70.125 69.982 69.839 69.696
79.857 79.714 79.571 79.428 79.285 79.142 78.999 78.856 78.713 78.569 78.426 78.283 78.140 77.997 77.854 77.711 77.568 77.425 77.282 77.139 76.996 76.853 76.710 76.567 76.424 76.281 76.138 75.995 75.852 75.708 75.565 75.422 75.279 75.136 74.993 74.850 74.707 74.564 74.421 74.278 74.135 73.992 73.849 73.706 73.563 73.420 73.277 73.134 72.991 72.847 72.704 72.561 72.418 72.275 72.132 71.989 71.846 71.703 71.560 71.417 71.274 71.131 70.988 70.845 70.702 70.559 70.416 70.273 70.130 69.986 69.843 69.700
79.857 79.714 79.571 79.428 79.285 79.142 78.999 78.856 78.713 78.570 78.427 78.284 78.141 77.998 77.855 77.712 77.569 77.426 77.283 77.140 76.997 76.854 76.711 76.568 76.425 76.282 76.139 75.996 75.853 75.710 75.567 75.424 75.281 75.138 74.995 74.852 74.709 74.567 74.424 74.281 74.138 73.995 73.852 73.709 73.566 73.423 73.280 73.137 72.994 72.851 72.708 72.565 72.422 72.279 72.136 71.993 71.850 71.707 71.564 71.421 71.278 71.135 70.992 70.849 70.706 70.563 70.420 70.277 70.134 69.991 69.848 69.705
79.857 79.714 79.571 79.428 79.285 79.142 79.000 78.857 78.714 78.571 78.428 78.285 78.142 77.999 77.856 77.713 77.570 77.427 77.284 77.142 76.999 76.856 76.713 76.570 76.427 76.284 76.141 75.998 75.855 75.712 75.569 75.426 75.284 75.141 74.998 74.855 74.712 74.569 74.426 74.283 74.140 73.997 73.854 73.711 73.568 73.426 73.283 73.140 72.997 72.854 72.711 72.568 72.425 72.282 72.139 71.996 71.853 71.710 71.568 71.425 71.282 71.139 70.996 70.853 70.710 70.567 70.424 70.281 70.138 69.995 69.852 69.710
79.857 79.714 79.571 79.429 79.286 79.143 79.000 78.857 78.714 78.571 78.429 78.286 78.143 78.000 77.857 77.714 77.571 77.429 77.286 77.143 77.000 76.857 76.714 76.571 76.429 76.286 76.143 76.000 75.857 75.714 75.571 75.429 75.286 75.143 75.000 74.857 74.714 74.571 74.429 74.286 74.143 74.000 73.857 73.714 73.571 73.429 73.286 73.143 73.000 72.857 72.714 72.571 72.428 72.286 72.143 72.000 71.857 71.714 71.571 71.428 71.286 71.143 71.000 70.857 70.714 70.571 70.428 70.286 70.143 70.000 69.857 69.714
79.857 79.714 79.572 79.429 79.286 79.143 79.000 78.858 78.715 78.572 78.429 78.286 78.144 78.001 77.858 77.715 77.572 77.430 77.287 77.144 77.001 76.859 76.716 76.573 76.430 76.287 76.145 76.002 75.859 75.716 75.573 75.431 75.288 75.145 75.002 74.859 74.717 74.574 74.431 74.288 74.145 74.003 73.860 73.717 73.574 73.431 73.289 73.146 73.003 72.860 72.717 72.575 72.432 72.289 72.146 72.004 71.861 71.718 71.575 71.432 71.290 71.147 71.004 70.861 70.718 70.576 70.433 70.290 70.147 70.004 69.862 69.719
79.857 79.715 79.572 79.429 79.286 79.144 79.001 78.858 78.715 78.573 78.430 78.287 78.145 78.002 77.859 77.716 77.574 77.431 77.288 77.145 77.003 76.860 76.717 76.574 76.432 76.289 76.146 76.004 75.861 75.718 75.575 75.433 75.290 75.147 75.004 74.862 74.719 74.576 74.434 74.291 74.148 74.005 73.863 73.720 73.577 73.434 73.292 73.149 73.006 72.864 72.721 72.578 72.435 72.293 72.150 72.007 71.864 71.722 71.579 71.436 71.293 71.151 71.008 70.865 70.723 70.580 70.437 70.294 70.152 70.009 69.866 69.723
79.857 79.715 79.572 79.429 79.287 79.144 79.001 78.859 78.716 78.573 78.431 78.288 78.145 78.003 77.860 77.717 77.575 77.432 77.289 77.147 77.004 76.861 76.719 76.576 76.433 76.291 76.148 76.005 75.863 75.720 75.577 75.435 75.292 75.149 75.007 74.864 74.721 74.579 74.436 74.293 74.151 74.008 73.865 73.723 73.580 73.437 73.295 73.152 73.009 72.867 72.724 72.581 72.439 72.296 72.153 72.011 71.868 71.725 71.583 71.440 71.297 71.155 71.012 70.869 70.727 70.584 70.441 70.299 70.156 70.013 69.871 69.728
79.857 79.715 79.572 79.430 79.287 79.144 79.002 78.859 78.717 78.574 78.431 78.289 78.146 78.004 77.861 77.718 77.576 77.433 77.291 77.148 77.005 76.863 76.720 76.578 76.435 76.292 76.150 76.007 75.865 75.722 75.579 75.437 75.294 75.152 75.009 74.866 74.724 74.581 74.439 74.296 74.153 74.011 73.868 73.726 73.583 73.440 73.298 73.155 73.013 72.870 72.727 72.585 72.442 72.300 72.157 72.014 71.872 71.729 71.587 71.444 71.301 71.159 71.016 70.874 70.731 70.588 70.446 70.303 70.161 70.018 69.875 69.733
79.857 79.715 79.572 79.430 79.287 79.145 79.002 78.860 78.717 78.575 78.432 78.290 78.147 78.005 77.862 77.719 77.577 77.434 77.292 77.149 77.007 76.864 76.722 76.579 76.437 76.294 76.152 76.009 75.866 75.724 75.581 75.439 75.296 75.154 75.011 74.869 74.726 74.584 74.441 74.299 74.156 74.014 73.871 73.728 73.586 73.443 73.301 73.158 73.016 72.873 72.731 72.588 72.446 72.303 72.161 72.018 71.875 71.733 71.590 71.448 71.305 71.163 71.020 70.878 70.735 70.593 70.450 70.308 70.165 70.023 69.880 69.737
79.858 79.715 79.573 79.430 79.288 79.145 79.003 78.860 78.718 78.575 78.433 78.290 78.148 78.005 77.863 77.720 77.578 77.436 77.293 77.151 77.008 76.866 76.723 76.581 76.438 76.296 76.153 76.011 75.868 75.726 75.583 75.441 75.298 75.156 75.014 74.871 74.729 74.586 74.444 74.301 74.159 74.016 73.874 73.731 73.589 73.446 73.304 73.161 73.019 72.876 72.734 72.592 72.449 72.307 72.164 72.022 71.879 71.737 71.594 71.452 71.309 71.167 71.024 70.882 70.739 70.597 70.454 70.312 70.170 70.027 69.885 69.742
79.858 79.715 79.573 79.430 79.288 79.146 79.003 78.861 78.718 78.576 78.434 78.291 78.149 78.006 77.864 77.722 77.579 77.437 77.294 77.152 77.009 76.867 76.725 76.582 76.440 76.297 76.155 76.013 75.870 75.728 75.585 75.443 75.301 75.158 75.016 74.873 74.731 74.589 74.446 74.304 74.161 74.019 73.877 73.734 73.592 73.449 73.307 73.165 73.022 72.880 72.737 72.595 72.453 72.310 72.168 72.025 71.883 71.741 71.598 71.456 71.313 71.171 71.028 70.886 70.744 70.601 70.459 70.316 70.174 70.032 69.889 69.747
79.858 79.715 79.573 79.431 79.288 79.146 79.004 78.861 78.719 78.577 78.434 78.292 78.150 78.007 77.865 77.723 77.580 77.438 77.296 77.153 77.011 76.869 76.726 76.584 76.442 76.299 76.157 76.014 75.872 75.730 75.587 75.445 75.303 75.160 75.018 74.876 74.733 74.591 74.449 74.306 74.164 74.022 73.879 73.737 73.595 73.452 73.310 73.168 73.025 72.883 72.741 72.598 72.456 72.314 72.171 72.029 71.887 71.744 71.602 71.460 71.317 71.175 71.033 70.890 70.748 70.606 70.463 70.321 70.179 70.036 69.894 69.752
79.858 79.715 79.573 79.431 79.289 79.146 79.004 78.862 78.720 78.577 78.435 78.293 78.150 78.008 77.866 77.724 77.581 77.439 77.297 77.155 77.012 76.870 76.728 76.585 76.443 76.301 76.159 76.016 75.874 75.732 75.589 75.447 75.305 75.163 75.020 74.878 74.736 74.594 74.451 74.309 74.167 74.024 73.882 73.740 73.598 73.455 73.313 73.171 73.029 72.886 72.744 72.602 72.459 72.317 72.175 72.033 71.890 71.748 71.606 71.464 71.321 71.179 71.037 70.894 70.752 70.610 70.468 70.325 70.183 70.041 69.899 69.756
79.858 79.716 79.573 79.431 79.289 79.147 79.005 78.862 78.720 78.578 78.436 78.293 78.151 78.009 77.867 77.725 77.582 77.440 77.298 77.156 77.014 76.871 76.729 76.587 76.445 76.303 76.160 76.018 75.876 75.734 75.592 75.449 75.307 75.165 75.023 74.880 74.738 74.596 74.454 74.312 74.169 74.027 73.885 73.743 73.601 73.458 73.316 73.174 73.032 72.890 72.747 72.605 72.463 72.321 72.179 72.036 71.894 71.752 71.610 71.467 71.325 71.183 71.041 70.899 70.756 70.614 70.472 70.330 70.188 70.045 69.903 69.761
79.858 79.716 79.574 79.431 79.289 79.147 79.005 78.863 78.721 78.579 78.436 78.294 78.152 78.010 77.868 77.726 77.584 77.441 77.299 77.157 77.015 76.873 76.731 76.589 76.446 76.304 76.162 76.020 75.878 75.736 75.594 75.451 75.309 75.167 75.025 74.883 74.741 74.599 74.456 74.314 74.172 74.030 73.888 73.746 73.604 73.461 73.319 73.177 73.035 72.893 72.751 72.609 72.466 72.324 72.182 72.040 71.898 71.756 71.614 71.471 71.329 71.187 71.045 70.903 70.761 70.619 70.476 70.334 70.192 70.050 69.908 69.766
79.858 79.716 79.574 79.432 79.290 79.148 79.005 78.863 78.721 78.579 78.437 78.295 78.153 78.011 77.869 77.727 77.585 77.443 77.301 77.158 77.016 76.874 76.732 76.590 76.448 76.306 76.164 76.022 75.880 75.738 75.596 75.454 75.311 75.169 75.027 74.885 74.743 74.601 74.459 74.317 74.175 74.033 73.891 73.749 73.607 73.464 73.322 73.180 73.038 72.896 72.754 72.612 72.470 72.328 72.186 72.044 71.902 71.760 71.617 71.475 71.333 71.191 71.049 70.907 70.765 70.623 70.481 70.339 70.197 70.055 69.913 69.770
79.858 79.716 79.574 79.432 79.290 79.148 79.006 78.864 78.722 78.580 78.438 78.296 78.154 78.012 77.870 77.728 77.586 77.444 77.302 77.160 77.018 76.876 76.734 76.592 76.450 76.308 76.166 76.024 75.882 75.740 75.598 75.456 75.314 75.172 75.030 74.888 74.746 74.604 74.462 74.320 74.178 74.036 73.894 73.751 73.609 73.467 73.325 73.183 73.041 72.899 72.757 72.615 72.473 72.331 72.189 72.047 71.905 71.763 71.621 71.479 71.337 71.195 71.053 70.911 70.769 70.627 70.485 70.343 70.201 70.059 69.917 69.775
