in/test_suite/Manuel_C003_0001/C003_0001_C_G_corrected.asc
ncols    419
nrows    278
xllcorner    0
yllcorner    0
cellsize    10
NODATA_value    -9999
[rows 28 to 55 of 278, columns 63 to 125 of 419]
2058.806 2058.302 2058.196 2058.050 2057.811 2057.609 2057.346 2057.039 2056.860 2056.714 2056.721 2056.715 2056.666 2056.520 2056.332 2056.305 2056.366 2056.436 2056.555 2056.676 2056.694 2056.528 2056.168 2056.065 2056.313 2056.713 2057.068 2057.130 2057.194 2057.215 2057.427 2057.570 2057.635 2057.673 2057.654 2057.542 2057.334 2057.131 2056.936 2056.891 2056.816 2056.739 2056.677 2056.602 2056.551 2056.426 2056.400 2056.033 2055.337 2054.540 2054.110 2053.933 2053.113 2052.201 2051.264 2050.725 2050.596 2050.446 2050.318 2050.248 2050.261 2050.248 2050.245
2059.066 2058.606 2057.976 2057.836 2057.777 2057.414 2057.153 2056.867 2056.669 2056.514 2056.376 2056.375 2056.372 2056.310 2056.123 2055.898 2055.909 2055.988 2056.065 2056.109 2056.095 2056.005 2055.650 2055.535 2055.941 2056.342 2056.685 2056.810 2057.021 2057.159 2057.356 2057.496 2057.548 2057.596 2057.564 2057.343 2057.126 2056.910 2056.673 2056.353 2056.318 2056.257 2056.161 2056.073 2056.157 2056.132 2055.838 2055.207 2054.665 2054.042 2053.392 2052.728 2052.079 2051.204 2050.769 2050.638 2050.530 2050.428 2050.382 2050.359 2050.414 2050.408 2050.394
2059.376 2058.911 2058.309 2057.841 2057.788 2057.344 2057.040 2056.902 2056.590 2056.400 2056.290 2056.162 2056.114 2056.065 2055.895 2055.654 2055.414 2055.478 2055.536 2055.557 2055.508 2055.459 2055.515 2055.537 2055.570 2055.969 2056.279 2056.523 2056.732 2057.006 2057.177 2057.303 2057.423 2057.405 2057.261 2057.070 2056.859 2056.542 2055.981 2055.650 2055.526 2055.488 2055.493 2055.450 2055.548 2055.304 2054.580 2053.946 2053.357 2052.966 2052.427 2051.683 2050.986 2050.828 2050.690 2050.579 2050.499 2050.485 2050.467 2050.464 2050.509 2050.243 2050.138
2059.767 2059.296 2058.733 2058.194 2057.798 2057.439 2057.133 2056.937 2056.628 2056.374 2056.313 2056.156 2056.018 2056.079 2055.758 2055.422 2055.179 2054.992 2055.008 2055.033 2055.048 2055.135 2055.047 2055.126 2055.273 2055.509 2055.845 2056.173 2056.412 2056.653 2056.853 2056.990 2057.057 2057.078 2056.934 2056.787 2056.423 2055.885 2055.328 2054.924 2054.823 2054.711 2054.743 2054.791 2054.378 2053.826 2053.271 2052.631 2052.302 2051.995 2051.478 2050.705 2050.678 2050.654 2050.638 2050.562 2050.568 2050.562 2050.546 2050.468 2050.178 2049.850 2049.758
2060.334 2059.943 2059.251 2058.697 2058.110 2057.689 2057.352 2057.014 2056.845 2056.642 2056.336 2056.186 2056.123 2056.139 2055.829 2055.246 2055.074 2054.860 2054.634 2054.667 2054.744 2054.828 2054.743 2054.637 2054.882 2055.089 2055.321 2055.476 2055.683 2056.060 2056.328 2056.537 2056.566 2056.637 2056.613 2056.287 2055.800 2055.245 2054.653 2054.295 2054.190 2053.993 2053.909 2053.851 2053.308 2052.663 2052.064 2051.769 2051.403 2051.056 2050.711 2050.684 2050.653 2050.639 2050.504 2050.294 2050.216 2050.146 2050.071 2049.996 2049.855 2049.561 2049.389
2060.978 2060.590 2059.882 2059.172 2058.576 2058.084 2057.690 2057.366 2057.117 2056.916 2056.573 2056.365 2056.303 2056.241 2055.936 2055.443 2054.973 2054.762 2054.572 2054.537 2054.518 2054.522 2054.508 2054.478 2054.491 2054.694 2054.630 2054.554 2054.761 2055.248 2055.577 2055.876 2056.105 2056.147 2055.941 2055.611 2055.131 2054.544 2054.194 2053.835 2053.550 2053.349 2053.027 2052.887 2052.359 2051.763 2051.537 2051.214 2050.845 2050.653 2050.673 2050.665 2050.676 2050.487 2050.088 2049.828 2049.725 2049.654 2049.578 2049.512 2049.435 2049.252 2049.008
2061.646 2061.237 2060.478 2059.728 2059.042 2058.553 2058.076 2057.719 2057.469 2057.226 2056.938 2056.654 2056.482 2056.368 2056.209 2055.731 2055.204 2054.860 2054.790 2054.742 2054.712 2054.861 2054.774 2054.634 2054.494 2054.170 2053.866 2053.703 2053.810 2054.350 2054.880 2055.189 2055.432 2055.369 2055.146 2054.877 2054.401 2053.837 2053.539 2053.216 2052.866 2052.608 2052.285 2051.970 2051.615 2051.309 2051.010 2050.668 2050.558 2050.612 2050.623 2050.680 2050.446 2050.078 2049.687 2049.416 2049.271 2049.162 2049.100 2049.052 2048.967 2048.906 2048.655
2062.290 2061.848 2061.244 2060.455 2059.536 2058.887 2058.518 2058.080 2057.822 2057.590 2057.339 2057.047 2056.700 2056.496 2056.296 2056.103 2055.720 2055.379 2055.157 2055.077 2055.132 2055.314 2055.235 2055.002 2054.606 2054.237 2053.905 2053.501 2053.045 2053.474 2054.036 2054.445 2054.446 2054.466 2054.347 2054.019 2053.675 2053.130 2052.817 2052.478 2052.113 2051.941 2051.722 2051.487 2051.206 2050.890 2050.528 2050.267 2050.244 2050.260 2050.222 2050.186 2050.024 2049.674 2049.306 2049.012 2048.858 2048.711 2048.642 2048.600 2048.517 2048.439 2048.350
2062.884 2062.445 2061.894 2061.068 2060.025 2058.980 2058.441 2058.058 2058.030 2057.840 2057.649 2057.361 2056.986 2056.771 2056.573 2056.456 2056.292 2055.950 2055.652 2055.580 2055.637 2055.766 2055.655 2055.336 2054.972 2054.534 2053.940 2053.268 2052.810 2052.521 2052.971 2053.322 2053.535 2053.512 2053.484 2053.140 2052.791 2052.424 2052.063 2051.714 2051.360 2051.219 2051.202 2051.068 2050.815 2050.571 2050.189 2049.754 2049.622 2049.746 2049.673 2049.636 2049.531 2049.265 2048.875 2048.561 2048.472 2048.331 2048.194 2048.142 2048.058 2047.970 2047.917
2063.558 2063.041 2062.237 2061.404 2060.460 2059.427 2058.407 2057.959 2057.957 2057.978 2057.774 2057.582 2057.274 2057.062 2056.880 2056.790 2056.697 2056.551 2056.356 2056.153 2056.142 2056.049 2055.915 2055.619 2055.323 2054.761 2053.963 2053.098 2052.569 2052.275 2052.077 2052.337 2052.569 2052.631 2052.616 2052.286 2051.886 2051.808 2051.550 2051.174 2050.869 2050.826 2050.798 2050.772 2050.501 2050.243 2049.873 2049.463 2049.291 2049.228 2049.156 2049.110 2049.057 2048.812 2048.452 2048.172 2048.104 2047.957 2047.813 2047.673 2047.589 2047.500 2047.465
2064.219 2063.526 2062.756 2061.844 2060.908 2059.910 2058.891 2057.861 2057.809 2057.778 2057.705 2057.569 2057.398 2057.323 2057.190 2057.038 2056.830 2056.694 2056.742 2056.628 2056.319 2055.980 2055.898 2055.840 2055.124 2054.313 2053.570 2052.816 2052.322 2052.049 2051.781 2051.675 2051.970 2051.878 2051.760 2051.420 2051.235 2051.186 2051.005 2050.816 2050.647 2050.586 2050.505 2050.372 2050.210 2049.920 2049.625 2049.342 2049.071 2048.909 2048.685 2048.632 2048.591 2048.321 2048.108 2047.818 2047.732 2047.587 2047.482 2047.382 2047.267 2047.197 2047.153
2064.650 2063.978 2063.305 2062.457 2061.428 2060.398 2059.376 2058.328 2057.549 2057.511 2057.497 2057.353 2057.116 2057.192 2057.106 2056.992 2056.838 2056.698 2056.908 2056.670 2056.272 2055.905 2055.818 2055.212 2054.523 2053.782 2053.062 2052.510 2052.026 2051.744 2051.509 2051.399 2051.430 2051.310 2051.099 2051.032 2050.694 2050.576 2050.490 2050.415 2050.286 2050.236 2050.146 2049.956 2049.834 2049.649 2049.388 2049.170 2048.869 2048.657 2048.427 2048.210 2048.130 2047.904 2047.696 2047.545 2047.435 2047.340 2047.242 2047.142 2046.995 2046.923 2046.862
2064.895 2064.349 2063.533 2062.749 2061.866 2060.860 2059.854 2058.879 2057.880 2057.250 2057.115 2057.036 2056.839 2056.909 2056.856 2056.793 2056.732 2056.676 2056.457 2056.221 2055.910 2055.555 2054.934 2054.340 2053.725 2053.110 2052.662 2052.213 2051.730 2051.529 2051.427 2051.298 2051.076 2050.946 2050.844 2050.644 2050.412 2050.255 2050.180 2050.086 2049.957 2049.905 2049.803 2049.588 2049.461 2049.346 2049.135 2048.916 2048.688 2048.440 2048.188 2047.958 2047.721 2047.567 2047.457 2047.349 2047.215 2047.133 2047.035 2046.905 2046.722 2046.609 2046.537
2065.111 2064.433 2063.615 2062.827 2062.201 2061.002 2059.919 2059.241 2058.258 2057.045 2056.693 2056.600 2056.530 2056.351 2056.314 2056.333 2056.270 2056.102 2055.895 2055.675 2055.295 2054.675 2054.048 2053.428 2052.970 2052.660 2052.247 2051.813 2051.567 2051.476 2051.385 2051.269 2051.033 2050.778 2050.626 2050.520 2050.354 2050.171 2050.011 2049.886 2049.725 2049.582 2049.461 2049.334 2049.215 2049.103 2048.965 2048.681 2048.477 2048.224 2047.964 2047.698 2047.518 2047.388 2047.263 2047.145 2047.025 2046.925 2046.780 2046.636 2046.478 2046.373 2046.309
2065.015 2064.348 2063.632 2062.860 2061.779 2061.051 2059.957 2059.281 2058.203 2056.953 2056.352 2056.104 2055.923 2055.778 2055.745 2055.732 2055.646 2055.488 2055.268 2054.867 2054.282 2053.764 2053.176 2052.767 2052.439 2052.178 2051.827 2051.644 2051.543 2051.457 2051.367 2051.157 2050.840 2050.600 2050.454 2050.300 2050.119 2049.926 2049.789 2049.626 2049.482 2049.323 2049.210 2049.093 2048.975 2048.847 2048.699 2048.512 2048.255 2048.004 2047.753 2047.543 2047.333 2047.198 2047.071 2046.942 2046.835 2046.670 2046.502 2046.372 2046.251 2046.141 2046.107
2064.636 2063.956 2063.229 2062.360 2061.316 2060.583 2059.847 2058.920 2057.974 2056.867 2056.207 2055.516 2055.281 2055.174 2055.076 2054.950 2054.892 2054.770 2054.391 2053.962 2053.387 2052.854 2052.559 2052.299 2051.985 2051.728 2051.705 2051.615 2051.516 2051.435 2051.157 2050.909 2050.570 2050.359 2050.262 2050.057 2049.858 2049.689 2049.543 2049.376 2049.216 2049.081 2048.938 2048.841 2048.709 2048.555 2048.500 2048.339 2048.034 2047.772 2047.579 2047.370 2047.145 2047.032 2046.903 2046.767 2046.586 2046.418 2046.259 2046.129 2046.026 2045.912 2045.873
2064.264 2063.437 2062.551 2061.719 2060.858 2060.056 2059.283 2058.460 2057.532 2056.592 2055.923 2055.302 2054.675 2054.532 2054.387 2054.273 2054.193 2053.919 2053.471 2053.012 2052.573 2052.331 2052.063 2051.801 2051.567 2051.602 2051.588 2051.562 2051.455 2051.214 2050.878 2050.604 2050.404 2050.232 2050.071 2049.835 2049.660 2049.479 2049.304 2049.139 2048.972 2048.823 2048.692 2048.586 2048.416 2048.269 2048.249 2048.109 2047.836 2047.580 2047.390 2047.178 2046.950 2046.848 2046.728 2046.521 2046.321 2046.184 2046.028 2045.902 2045.798 2045.688 2045.655
2063.700 2062.731 2061.761 2060.898 2060.052 2059.249 2058.537 2057.825 2057.053 2056.099 2055.368 2054.722 2054.187 2053.903 2053.737 2053.593 2053.358 2053.079 2052.643 2052.261 2052.070 2051.856 2051.606 2051.430 2051.402 2051.423 2051.470 2051.387 2051.224 2050.988 2050.652 2050.401 2050.227 2050.062 2049.879 2049.706 2049.482 2049.309 2049.088 2048.900 2048.741 2048.575 2048.453 2048.380 2048.223 2048.093 2047.946 2047.808 2047.626 2047.394 2047.177 2046.970 2046.761 2046.628 2046.440 2046.242 2046.047 2045.901 2045.804 2045.676 2045.561 2045.498 2045.448
2063.027 2061.962 2061.001 2060.065 2059.212 2058.378 2057.610 2056.984 2056.399 2055.560 2054.814 2054.225 2053.692 2053.374 2053.096 2052.866 2052.540 2052.239 2051.946 2051.763 2051.573 2051.353 2051.284 2051.263 2051.236 2051.249 2051.197 2051.077 2050.932 2050.756 2050.494 2050.222 2050.005 2049.828 2049.625 2049.525 2049.381 2049.101 2048.807 2048.667 2048.484 2048.409 2048.351 2048.311 2048.122 2047.883 2047.681 2047.561 2047.385 2047.136 2046.924 2046.713 2046.550 2046.339 2046.147 2045.955 2045.730 2045.546 2045.525 2045.450 2045.368 2045.313 2045.258
2062.457 2061.255 2060.272 2059.335 2058.371 2057.567 2056.826 2056.139 2055.546 2054.978 2054.195 2053.604 2053.196 2052.830 2052.459 2052.169 2051.806 2051.602 2051.486 2051.297 2051.078 2051.023 2051.005 2051.003 2050.996 2050.898 2050.786 2050.669 2050.549 2050.438 2050.210 2049.956 2049.721 2049.576 2049.371 2049.282 2049.132 2048.804 2048.525 2048.459 2048.357 2048.307 2048.262 2048.210 2047.965 2047.705 2047.472 2047.309 2047.168 2046.920 2046.613 2046.465 2046.351 2046.112 2045.903 2045.651 2045.399 2045.191 2045.180 2045.196 2045.184 2045.127 2045.099
2061.900 2060.735 2059.573 2058.612 2057.689 2056.807 2056.067 2055.327 2054.748 2054.236 2053.588 2052.978 2052.624 2052.265 2051.810 2051.445 2051.272 2050.943 2050.773 2050.604 2050.686 2050.753 2050.742 2050.678 2050.597 2050.479 2050.376 2050.276 2050.179 2050.061 2049.871 2049.684 2049.471 2049.292 2049.117 2048.945 2048.753 2048.570 2048.381 2048.258 2048.136 2048.045 2047.986 2047.897 2047.673 2047.413 2047.206 2047.053 2046.915 2046.703 2046.427 2046.281 2046.152 2045.913 2045.706 2045.421 2045.201 2045.000 2044.997 2045.016 2045.008 2044.979 2044.986
2061.202 2060.050 2058.918 2057.932 2057.032 2056.125 2055.274 2054.663 2054.060 2053.521 2052.871 2052.416 2052.056 2051.692 2051.244 2051.056 2050.962 2050.593 2050.107 2050.110 2050.192 2050.279 2050.296 2050.238 2050.153 2050.067 2049.977 2049.919 2049.812 2049.685 2049.508 2049.372 2049.231 2049.025 2048.756 2048.595 2048.497 2048.345 2048.233 2048.085 2047.954 2047.815 2047.688 2047.588 2047.384 2047.215 2047.044 2046.896 2046.664 2046.533 2046.316 2046.136 2045.958 2045.771 2045.604 2045.433 2045.215 2045.028 2045.014 2045.033 2045.002 2044.925 2044.874
2060.408 2059.290 2058.287 2057.312 2056.375 2055.473 2054.730 2054.082 2053.470 2052.854 2052.400 2051.952 2051.531 2051.196 2050.945 2050.755 2050.655 2050.304 2050.129 2049.955 2049.993 2050.018 2049.971 2049.913 2049.804 2049.708 2049.603 2049.555 2049.460 2049.323 2049.153 2049.021 2048.911 2048.668 2048.464 2048.377 2048.272 2048.121 2048.033 2047.949 2047.776 2047.592 2047.448 2047.334 2047.192 2047.039 2046.885 2046.726 2046.549 2046.361 2046.207 2046.023 2045.838 2045.715 2045.567 2045.414 2045.261 2045.065 2045.040 2045.004 2044.953 2044.881 2044.799
2059.317 2058.399 2057.685 2056.731 2055.792 2055.007 2054.296 2053.560 2052.948 2052.464 2051.974 2051.520 2051.170 2050.938 2050.663 2050.487 2050.364 2050.239 2050.071 2049.912 2049.759 2049.706 2049.660 2049.614 2049.482 2049.371 2049.262 2049.180 2049.077 2048.941 2048.797 2048.652 2048.529 2048.415 2048.266 2048.160 2048.028 2047.897 2047.825 2047.685 2047.524 2047.365 2047.234 2047.118 2047.000 2046.861 2046.713 2046.604 2046.444 2046.254 2046.069 2045.922 2045.797 2045.673 2045.546 2045.407 2045.267 2045.119 2045.037 2044.974 2044.873 2044.811 2044.799
2058.419 2057.495 2056.788 2056.133 2055.204 2054.403 2053.680 2053.087 2052.570 2052.078 2051.581 2051.235 2051.052 2050.771 2050.394 2050.185 2050.083 2049.980 2049.847 2049.708 2049.574 2049.394 2049.348 2049.305 2049.171 2049.047 2048.938 2048.823 2048.738 2048.621 2048.509 2048.369 2048.253 2048.137 2048.019 2047.908 2047.785 2047.656 2047.542 2047.381 2047.208 2047.094 2047.000 2046.887 2046.795 2046.692 2046.583 2046.482 2046.349 2046.168 2046.006 2045.869 2045.747 2045.634 2045.526 2045.395 2045.257 2045.147 2045.030 2044.944 2044.850 2044.816 2044.805
2057.525 2056.548 2055.898 2055.303 2054.586 2053.795 2053.178 2052.728 2052.254 2051.734 2051.402 2051.122 2050.898 2050.612 2050.240 2050.068 2049.953 2049.837 2049.684 2049.551 2049.394 2049.185 2049.041 2048.997 2048.860 2048.718 2048.586 2048.494 2048.502 2048.425 2048.256 2048.117 2047.995 2047.880 2047.757 2047.597 2047.477 2047.433 2047.318 2047.160 2046.984 2046.854 2046.765 2046.657 2046.583 2046.552 2046.459 2046.351 2046.248 2046.108 2045.957 2045.812 2045.707 2045.602 2045.483 2045.382 2045.286 2045.178 2045.052 2044.937 2044.895 2044.871 2044.810
2056.557 2055.704 2055.014 2054.446 2053.841 2053.339 2052.772 2052.323 2051.851 2051.516 2051.244 2050.983 2050.739 2050.479 2050.198 2050.044 2049.905 2049.745 2049.581 2049.414 2049.229 2049.016 2048.808 2048.689 2048.540 2048.401 2048.335 2048.284 2048.244 2048.135 2048.004 2047.871 2047.743 2047.624 2047.496 2047.349 2047.258 2047.204 2047.059 2046.887 2046.779 2046.619 2046.522 2046.452 2046.409 2046.378 2046.334 2046.240 2046.153 2046.047 2045.908 2045.765 2045.667 2045.566 2045.458 2045.378 2045.317 2045.208 2045.087 2044.970 2044.895 2044.859 2044.852
2055.721 2054.906 2054.199 2053.609 2053.262 2052.881 2052.375 2051.947 2051.618 2051.291 2051.058 2050.782 2050.570 2050.388 2050.156 2050.023 2049.886 2049.724 2049.536 2049.324 2049.051 2048.834 2048.622 2048.400 2048.324 2048.218 2048.152 2048.006 2047.931 2047.818 2047.731 2047.627 2047.502 2047.373 2047.249 2047.184 2047.074 2046.944 2046.798 2046.642 2046.530 2046.391 2046.335 2046.320 2046.283 2046.249 2046.198 2046.122 2046.037 2045.946 2045.828 2045.694 2045.594 2045.498 2045.422 2045.349 2045.289 2045.219 2045.124 2044.978 2044.833 2044.754 2044.695
