in/test_suite/Manuel_C003_0001/C003_0001_C_S.asc
ncols    419
nrows    278
xllcorner    0
yllcorner    0
cellsize    10
NODATA_value    -9999
[rows 34 to 67 of 278, columns 0 to 75 of 419]
0.000 0.000 0.000 0.000 0.000 0.000 0.000 0.000 0.000 0.000 0.000 0.000 0.381 0.245 0.086 0.019 0.023 0.026 0.012 0.000 0.000 0.000 0.000 0.000 0.000 0.000 0.000 0.000 0.000 0.000 0.000 0.000 0.000 0.000 0.000 0.000 0.000 0.000 0.000 0.000 0.000 0.000 0.000 0.000 0.000 0.000 0.000 0.000 0.000 0.000 0.000 0.000 0.000 0.000 0.000 0.000 0.000 0.000 0.000 0.000 0.000 0.000 0.000 0.000 0.000 0.000 0.000 0.000 0.000 0.000 0.000 0.000 0.000 0.000 0.000 0.000
0.000 0.000 0.000 0.000 0.000 0.000 0.000 0.000 0.000 0.000 0.000 0.493 0.441 0.304 0.149 0.031 0.000 0.000 0.000 0.000 0.000 0.000 0.000 0.000 0.000 0.000 0.000 0.000 0.000 0.000 0.000 0.000 0.000 0.000 0.000 0.000 0.000 0.000 0.000 0.000 0.000 0.000 0.000 0.000 0.000 0.000 0.000 0.000 0.000 0.000 0.000 0.000 0.000 0.000 0.000 0.000 0.000 0.000 0.000 0.000 0.000 0.000 0.000 0.000 0.000 0.000 0.000 0.000 0.000 0.000 0.000 0.000 0.000 0.000 0.000 0.000
0.000 0.000 0.000 0.000 0.000 0.000 0.000 0.000 0.000 0.615 0.471 0.442 0.412 0.370 0.254 0.135 0.017 0.000 0.000 0.000 0.000 0.000 0.000 0.000 0.000 0.000 0.000 0.000 0.000 0.000 0.000 0.000 0.000 0.000 0.000 0.000 0.000 0.000 0.000 0.000 0.000 0.000 0.000 0.000 0.000 0.000 0.000 0.000 0.000 0.000 0.000 0.000 0.000 0.000 0.000 0.000 0.000 0.000 0.000 0.000 0.000 0.000 0.000 0.000 0.000 0.000 0.000 0.000 0.000 0.000 0.000 0.000 0.000 0.000 0.000 0.000
0.000 0.000 0.000 0.000 0.000 0.000 0.000 0.000 0.839 0.563 0.286 0.171 0.236 0.340 0.147 0.042 0.070 0.004 0.000 0.000 0.050 0.000 0.000 0.007 0.000 0.000 0.000 0.006 0.000 0.000 0.000 0.000 0.000 0.000 0.000 0.000 0.000 0.000 0.000 0.000 0.000 0.000 0.000 0.000 0.000 0.000 0.000 0.000 0.000 0.000 0.000 0.000 0.000 0.000 0.000 0.000 0.000 0.000 0.000 0.000 0.000 0.000 0.000 0.000 0.000 0.000 0.000 0.000 0.000 0.000 0.000 0.000 0.000 0.000 0.000 0.000
0.000 0.000 0.000 0.000 0.000 0.000 0.000 0.922 0.922 0.631 0.339 0.089 0.259 0.335 0.103 0.085 0.203 0.122 0.000 0.113 0.169 0.035 0.021 0.132 0.075 0.000 0.038 0.096 0.000 0.000 0.000 0.000 0.000 0.000 0.000 0.000 0.000 0.000 0.000 0.000 0.000 0.000 0.000 0.000 0.000 0.000 0.000 0.000 0.000 0.000 0.000 0.000 0.000 0.000 0.000 0.000 0.000 0.000 0.000 0.000 0.000 0.000 0.000 0.000 0.000 0.000 0.000 0.000 0.000 0.000 0.000 0.000 0.000 0.000 0.000 0.000
0.000 0.000 0.000 0.000 0.000 0.000 0.899 0.626 0.712 0.830 0.561 0.342 0.314 0.330 0.287 0.277 0.335 0.249 0.235 0.247 0.287 0.189 0.166 0.257 0.186 0.136 0.140 0.186 0.085 0.048 0.038 0.027 0.017 0.004 0.000 0.000 0.000 0.000 0.000 0.000 0.000 0.000 0.000 0.000 0.000 0.000 0.000 0.000 0.000 0.000 0.000 0.000 0.000 0.000 0.000 0.000 0.000 0.000 0.000 0.000 0.000 0.000 0.000 0.000 0.000 0.000 0.000 0.000 0.000 0.000 0.000 0.000 0.000 0.000 0.000 0.000
0.000 0.000 0.000 0.000 0.000 1.110 0.721 0.330 0.446 0.706 0.800 0.595 0.567 0.317 0.333 0.353 0.576 0.536 0.513 0.490 0.433 0.432 0.410 0.387 0.389 0.394 0.308 0.276 0.248 0.228 0.210 0.201 0.198 0.105 0.093 0.054 0.023 0.042 0.039 0.006 0.000 0.000 0.000 0.000 0.000 0.000 0.000 0.000 0.000 0.000 0.000 0.000 0.000 0.000 0.000 0.000 0.000 0.000 0.000 0.000 0.000 0.000 0.000 0.000 0.000 0.000 0.000 0.000 0.000 0.000 0.000 0.000 0.000 0.000 0.000 0.000
0.000 0.000 0.000 0.000 1.269 1.166 0.745 0.112 0.211 0.480 0.748 0.824 0.570 0.315 0.088 0.435 1.418 1.041 0.924 0.722 0.386 0.194 0.201 0.412 0.653 0.652 0.559 0.293 0.224 0.225 0.274 0.382 0.376 0.280 0.144 0.048 0.026 0.079 0.056 0.003 0.000 0.000 0.000 0.000 0.000 0.000 0.000 0.000 0.000 0.000 0.000 0.000 0.000 0.000 0.000 0.000 0.000 0.000 0.000 0.000 0.000 0.000 0.000 0.000 0.000 0.000 0.000 0.000 0.000 0.000 0.000 0.000 0.000 0.000 0.000 0.000
0.000 0.000 0.000 1.176 1.216 1.222 0.772 0.948 1.124 1.321 1.491 1.576 1.447 1.122 0.945 1.277 2.214 1.799 1.613 1.261 0.839 0.418 0.406 0.584 0.763 0.880 0.614 0.347 0.081 0.113 0.293 0.473 0.551 0.603 0.519 0.043 0.029 0.039 0.043 0.000 0.006 0.037 0.000 0.000 0.000 0.000 0.000 0.000 0.000 0.000 0.000 0.000 0.000 0.000 0.000 0.000 0.000 0.000 0.000 0.000 0.000 0.000 0.000 0.000 0.000 0.000 0.000 0.000 0.000 0.000 0.000 0.000 0.000 0.000 0.000 0.000
0.000 0.000 0.934 0.800 0.875 1.072 1.465 1.683 1.902 2.190 2.259 2.348 2.465 2.473 2.465 2.641 2.972 2.722 2.617 2.746 2.344 2.148 1.952 1.997 2.009 1.746 1.758 1.420 1.076 0.869 0.980 1.101 0.949 1.045 0.919 0.366 0.107 0.087 0.067 0.025 0.078 0.101 0.029 0.000 0.000 0.000 0.000 0.000 0.000 0.000 0.000 0.000 0.000 0.000 0.000 0.000 0.000 0.000 0.000 0.000 0.000 0.000 0.000 0.000 0.000 0.000 0.000 0.000 0.000 0.000 0.000 0.000 0.000 0.000 0.000 0.000
1.173 1.122 0.892 0.278 0.462 1.469 1.762 1.911 2.356 2.907 3.028 3.120 3.464 3.897 3.984 4.173 4.289 3.705 3.621 3.772 3.977 3.794 3.612 3.232 2.774 2.545 2.710 2.657 2.305 2.111 1.988 1.730 1.494 1.517 1.342 0.987 0.642 0.427 0.373 0.257 0.150 0.165 0.056 0.000 0.000 0.000 0.000 0.000 0.000 0.000 0.000 0.000 0.000 0.000 0.000 0.000 0.000 0.000 0.000 0.000 0.000 0.000 0.000 0.000 0.000 0.000 0.000 0.000 0.000 0.000 0.000 0.000 0.000 0.000 0.000 0.000
1.059 1.114 0.849 0.595 0.913 1.867 2.104 2.478 3.105 3.623 3.752 4.375 4.760 5.146 5.517 5.808 5.857 4.982 4.663 4.912 5.161 5.317 4.878 4.225 3.572 3.344 3.499 3.650 3.535 3.349 2.777 2.255 2.038 2.031 1.927 1.610 1.266 0.773 0.403 0.315 0.227 0.183 0.048 0.000 0.000 0.000 0.000 0.000 0.000 0.000 0.000 0.000 0.000 0.000 0.000 0.000 0.000 0.000 0.000 0.000 0.000 0.000 0.000 0.000 0.000 0.000 0.000 0.000 0.000 0.000 0.000 0.000 0.000 0.000 0.000 0.000
0.861 0.977 1.236 1.603 1.922 2.265 2.792 3.343 3.895 4.339 5.160 5.997 6.675 7.024 7.235 7.446 7.426 6.939 6.943 7.059 7.232 7.129 6.730 5.993 5.256 4.701 4.771 4.844 4.903 4.309 3.675 3.041 2.548 2.432 2.328 2.224 1.697 1.037 0.377 0.071 0.063 0.071 0.040 0.000 0.000 0.000 0.000 0.000 0.000 0.000 0.000 0.000 0.000 0.000 0.000 0.000 0.000 0.000 0.000 0.000 0.000 0.000 0.000 0.000 0.000 0.000 0.000 0.000 0.000 0.000 0.000 0.000 0.000 0.000 0.000 0.000
0.342 0.761 1.160 1.458 1.847 2.631 3.433 4.001 4.630 5.821 6.734 7.565 8.480 9.128 9.278 9.428 9.405 9.435 9.466 9.496 9.314 9.078 8.842 8.382 7.527 7.002 6.861 6.907 6.877 6.142 5.471 4.713 3.996 3.662 3.506 3.301 2.539 1.834 1.129 0.408 0.199 0.177 0.086 0.025 0.021 0.017 0.000 0.000 0.000 0.000 0.000 0.000 0.000 0.000 0.000 0.000 0.000 0.000 0.000 0.000 0.000 0.000 0.000 0.000 0.000 0.000 0.000 0.000 0.000 0.000 0.000 0.000 0.000 0.000 0.000 0.000
0.193 0.775 1.152 1.362 2.134 2.975 3.816 4.721 5.867 7.065 8.320 9.301 10.382 11.462 12.005 11.501 11.200 11.553 11.584 11.293 12.244 12.094 11.678 10.698 9.787 9.303 8.883 8.881 8.851 8.070 7.130 6.226 5.535 5.076 4.719 4.496 3.684 2.844 2.122 1.401 0.679 0.436 0.064 0.059 0.092 0.051 0.000 0.000 0.000 0.000 0.000 0.000 0.000 0.000 0.000 0.000 0.000 0.000 0.000 0.000 0.000 0.000 0.000 0.000 0.000 0.000 0.000 0.000 0.000 0.000 0.000 0.000 0.000 0.000 0.000 0.000
0.305 0.790 1.139 1.308 2.378 3.329 4.377 5.791 7.105 8.310 9.802 10.521 11.657 12.794 13.689 13.170 12.943 13.397 13.336 13.021 14.062 14.835 13.943 13.052 12.088 11.266 10.451 10.599 10.782 9.810 8.777 7.743 7.074 6.132 5.852 5.692 4.693 3.296 2.534 1.852 1.154 0.429 0.042 0.063 0.089 0.046 0.000 0.000 0.000 0.000 0.000 0.000 0.000 0.000 0.000 0.000 0.000 0.000 0.000 0.000 0.000 0.000 0.000 0.000 0.000 0.000 0.000 0.000 0.000 0.000 0.000 0.000 0.000 0.000 0.000 0.000
0.418 0.841 1.085 1.255 2.388 3.803 5.271 6.709 8.148 9.843 11.500 12.119 12.625 13.751 14.582 14.667 14.690 15.162 15.058 14.749 15.514 15.601 14.833 13.942 13.290 12.769 12.020 12.237 11.632 10.793 9.820 8.868 8.068 7.118 6.892 6.505 5.083 3.731 2.935 2.167 1.451 0.724 0.019 0.013 0.018 0.022 0.000 0.000 0.000 0.000 0.000 0.000 0.000 0.000 0.000 0.000 0.000 0.000 0.000 0.000 0.000 0.000 0.000 0.000 0.000 0.000 0.000 0.000 0.000 0.000 0.000 0.000 0.000 0.000 0.000 0.000
0.447 0.707 0.967 1.202 2.632 4.243 5.853 7.302 9.286 11.370 13.197 13.740 14.128 14.706 15.475 15.534 16.372 16.926 16.777 16.376 16.341 16.365 15.615 15.249 14.696 14.142 13.581 12.783 12.048 11.314 10.493 9.708 8.923 8.104 7.468 6.437 5.406 4.167 3.347 2.518 1.748 1.020 0.510 0.104 0.096 0.068 0.000 0.000 0.000 0.000 0.000 0.000 0.000 0.000 0.000 0.000 0.000 0.000 0.000 0.000 0.000 0.000 0.000 0.000 0.000 0.000 0.000 0.000 0.000 0.000 0.000 0.000 0.000 0.000 0.000 0.000
0.587 0.926 1.159 1.573 3.161 4.762 6.364 7.954 10.117 12.280 14.432 15.043 15.528 16.013 16.331 16.333 17.258 18.691 18.375 17.893 17.411 17.130 16.348 16.332 16.542 15.845 14.239 13.877 13.102 12.170 11.431 10.825 10.019 8.922 7.705 6.642 5.580 4.432 3.620 2.812 2.004 1.454 1.000 0.546 0.188 0.061 0.000 0.000 0.000 0.000 0.000 0.000 0.000 0.000 0.000 0.000 0.000 0.000 0.000 0.000 0.000 0.000 0.000 0.000 0.000 0.000 0.000 0.000 0.000 0.000 0.000 0.000 0.000 0.000 0.000 0.000
0.541 1.178 1.644 2.178 3.757 5.319 6.635 8.230 10.111 12.258 14.364 15.004 15.516 16.109 16.783 17.132 18.145 18.595 18.707 18.317 17.941 17.793 17.074 17.141 17.478 16.494 14.964 14.604 13.985 12.784 12.105 11.896 10.871 9.581 8.290 7.099 5.807 4.636 3.652 2.842 2.024 1.367 0.867 0.500 0.252 0.053 0.000 0.000 0.000 0.000 0.000 0.000 0.000 0.000 0.000 0.000 0.000 0.000 0.000 0.000 0.000 0.000 0.000 0.000 0.000 0.000 0.000 0.000 0.000 0.000 0.000 0.000 0.000 0.000 0.000 0.000
0.495 1.414 2.170 2.783 4.306 5.607 6.899 8.524 10.326 12.197 14.214 14.855 15.883 16.565 17.189 17.812 17.963 18.105 18.248 18.362 18.401 18.223 17.771 17.536 17.091 16.645 15.689 15.198 14.465 13.399 12.778 11.854 10.808 9.584 8.353 7.240 5.993 4.841 3.775 2.862 2.044 1.398 0.766 0.555 0.316 0.078 0.000 0.000 0.000 0.000 0.000 0.000 0.000 0.000 0.000 0.000 0.000 0.000 0.000 0.000 0.000 0.000 0.000 0.000 0.000 0.000 0.000 0.000 0.000 0.000 0.000 0.000 0.000 0.000 0.000 0.000
0.767 1.686 2.431 3.301 4.634 5.930 7.180 8.789 10.565 12.340 14.065 14.927 16.078 17.620 18.190 17.828 18.200 18.457 18.602 18.751 18.860 18.654 18.176 17.674 17.184 16.694 16.222 15.684 14.924 13.898 12.769 11.693 10.616 9.523 8.435 7.316 6.138 4.958 3.758 2.872 2.068 1.230 0.522 0.486 0.252 0.056 0.000 0.000 0.000 0.000 0.000 0.000 0.000 0.000 0.000 0.000 0.000 0.000 0.000 0.000 0.000 0.000 0.000 0.000 0.000 0.000 0.000 0.000 0.000 0.000 0.000 0.000 0.000 0.000 0.000 0.000
1.263 1.951 2.615 3.456 4.961 6.253 7.541 9.084 10.836 12.609 14.297 15.081 16.273 17.757 18.134 17.772 18.198 18.592 18.787 18.983 19.179 19.019 18.551 18.049 17.549 17.080 16.615 16.149 15.368 14.207 13.046 11.924 10.765 9.505 8.517 7.393 6.182 4.948 3.740 2.878 1.908 0.932 0.277 0.243 0.236 0.045 0.000 0.000 0.000 0.000 0.000 0.000 0.000 0.000 0.000 0.000 0.000 0.000 0.000 0.000 0.000 0.000 0.000 0.000 0.000 0.000 0.000 0.000 0.000 0.000 0.000 0.000 0.000 0.000 0.000 0.000
1.578 2.117 2.696 3.595 5.141 6.621 7.925 9.487 11.131 13.058 14.677 15.332 16.283 17.274 17.691 17.715 18.003 18.189 18.376 18.571 18.771 18.640 18.230 17.771 17.343 16.916 16.492 16.064 15.290 14.170 13.045 11.941 10.726 9.485 8.511 7.378 6.158 4.939 3.719 2.690 1.680 0.670 0.040 0.052 0.063 0.033 0.000 0.000 0.000 0.000 0.000 0.000 0.000 0.000 0.000 0.000 0.000 0.000 0.000 0.000 0.000 0.000 0.000 0.000 0.000 0.000 0.000 0.000 0.000 0.000 0.000 0.000 0.000 0.000 0.000 0.000
1.629 2.204 2.779 3.734 5.294 6.855 8.309 9.923 11.713 13.514 15.057 15.589 15.964 16.791 17.159 17.521 17.859 18.019 18.178 18.164 18.365 18.201 17.873 17.555 17.097 16.640 16.190 15.752 14.940 13.873 12.774 11.693 10.612 9.466 8.305 7.117 5.924 4.704 3.491 2.720 1.694 0.700 0.157 0.135 0.124 0.067 0.000 0.000 0.000 0.000 0.000 0.000 0.000 0.000 0.000 0.000 0.000 0.000 0.000 0.000 0.000 0.000 0.000 0.000 0.000 0.000 0.000 0.000 0.000 0.000 0.000 0.000 0.000 0.000 0.000 0.000
1.871 2.434 3.001 3.944 5.476 7.034 8.532 10.161 12.011 13.861 15.112 15.547 15.982 16.403 16.851 17.305 17.760 18.059 18.012 17.965 17.959 17.779 17.504 17.646 17.298 16.719 16.016 15.440 14.591 13.564 12.866 11.757 10.648 9.219 8.034 6.846 5.657 4.476 3.276 2.519 1.778 0.862 0.372 0.328 0.253 0.154 0.056 0.000 0.000 0.000 0.000 0.000 0.000 0.000 0.000 0.000 0.000 0.000 0.000 0.000 0.000 0.000 0.000 0.000 0.000 0.000 0.000 0.000 0.000 0.000 0.000 0.000 0.000 0.000 0.000 0.000
2.212 2.732 3.335 4.324 5.685 7.157 8.535 9.913 11.595 13.165 14.176 14.602 15.037 15.790 16.170 16.649 17.140 17.517 17.539 17.517 17.571 17.409 17.146 17.302 17.186 16.533 15.855 15.176 14.286 13.274 12.678 11.927 10.312 8.890 7.756 6.560 5.331 4.204 3.076 2.356 1.696 1.024 0.586 0.406 0.188 0.086 0.000 0.000 0.000 0.000 0.000 0.000 0.000 0.000 0.000 0.000 0.000 0.000 0.000 0.000 0.000 0.000 0.000 0.000 0.000 0.000 0.000 0.000 0.000 0.000 0.000 0.000 0.000 0.000 0.000 0.000
2.117 2.942 3.670 4.704 5.853 7.341 8.703 10.065 10.923 12.293 13.243 13.682 14.453 15.231 15.585 15.936 16.459 16.810 16.904 17.013 17.185 17.012 16.803 16.631 16.348 16.046 15.368 14.641 13.913 12.986 12.307 11.228 9.954 8.561 7.409 6.233 5.004 3.884 2.966 2.233 1.578 0.978 0.610 0.399 0.189 0.000 0.000 0.000 0.000 0.000 0.000 0.000 0.000 0.000 0.000 0.000 0.000 0.000 0.000 0.000 0.000 0.000 0.000 0.000 0.000 0.000 0.000 0.000 0.000 0.000 0.000 0.000 0.000 0.000 0.000 0.000
2.222 3.056 3.890 4.827 5.826 7.380 8.966 9.579 10.328 11.462 12.371 13.136 13.901 14.671 14.968 15.277 15.778 16.103 16.240 16.587 16.800 16.603 16.396 16.137 15.821 15.503 15.099 14.334 13.568 12.653 11.573 10.464 9.355 8.206 7.034 5.859 4.677 3.792 2.965 2.138 1.456 0.729 0.429 0.285 0.100 0.000 0.000 0.000 0.000 0.000 0.000 0.000 0.000 0.000 0.000 0.000 0.000 0.000 0.000 0.000 0.000 0.000 0.000 0.000 0.000 0.000 0.000 0.000 0.000 0.000 0.000 0.000 0.000 0.000 0.000 0.000
2.213 3.048 3.936 4.834 5.800 7.345 8.307 8.950 9.732 10.776 11.617 12.403 13.187 13.901 14.298 14.621 15.117 15.448 15.609 15.972 16.403 16.220 16.017 15.814 15.538 15.203 14.869 14.416 13.416 12.187 11.243 10.145 8.938 7.674 6.465 5.303 4.283 3.347 2.555 1.792 1.184 0.468 0.206 0.155 0.093 0.000 0.000 0.000 0.000 0.000 0.000 0.000 0.000 0.000 0.000 0.000 0.000 0.000 0.000 0.000 0.000 0.000 0.000 0.000 0.000 0.000 0.000 0.000 0.000 0.000 0.000 0.000 0.000 0.000 0.000 0.000
2.363 2.945 3.867 4.789 5.682 6.641 7.583 8.260 9.009 9.849 10.690 11.525 12.222 12.875 13.528 13.965 14.339 14.699 14.977 15.320 15.466 15.589 15.402 15.288 15.018 14.640 14.327 14.010 12.930 11.721 10.777 9.710 8.462 7.196 5.923 4.887 3.879 2.895 2.034 1.426 0.818 0.208 0.034 0.041 0.048 0.000 0.000 0.000 0.000 0.000 0.000 0.000 0.000 0.000 0.000 0.000 0.000 0.000 0.000 0.000 0.000 0.000 0.000 0.000 0.000 0.000 0.000 0.000 0.000 0.000 0.000 0.000 0.000 0.000 0.000 0.000
2.366 2.905 3.533 4.408 5.185 5.963 6.859 7.574 8.318 9.109 9.937 10.695 11.414 12.049 12.683 13.327 13.720 14.058 14.323 14.509 14.632 14.754 14.861 14.875 14.571 14.014 13.657 13.326 12.316 11.255 10.178 9.095 7.985 6.724 5.481 4.476 3.474 2.379 1.541 1.148 0.534 0.061 0.045 0.041 0.037 0.007 0.000 0.000 0.000 0.000 0.000 0.000 0.000 0.000 0.000 0.000 0.000 0.000 0.000 0.000 0.000 0.000 0.000 0.000 0.000 0.000 0.000 0.000 0.000 0.000 0.000 0.000 0.000 0.000 0.000 0.000
2.308 2.853 3.348 3.903 4.682 5.460 6.187 6.930 7.673 8.416 9.136 9.874 10.614 11.310 11.876 12.532 13.289 13.527 13.584 13.898 14.096 14.227 14.363 14.463 14.124 13.560 12.994 12.611 11.618 10.811 9.819 8.711 7.541 6.282 5.038 4.049 2.924 1.674 0.899 0.707 0.435 0.037 0.058 0.104 0.071 0.037 0.003 0.000 0.000 0.000 0.000 0.000 0.000 0.000 0.000 0.000 0.000 0.000 0.000 0.000 0.000 0.000 0.000 0.000 0.000 0.000 0.000 0.000 0.000 0.000 0.000 0.000 0.000 0.000 0.000 0.000
2.225 2.702 3.139 3.577 4.170 4.823 5.513 6.300 7.039 7.706 8.373 9.095 9.808 10.457 11.070 11.737 12.351 12.789 12.846 13.176 13.450 13.559 13.716 13.872 13.605 13.056 12.506 11.931 11.132 10.325 9.517 8.404 7.097 5.841 4.609 3.451 2.210 0.969 0.258 0.262 0.285 0.013 0.053 0.057 0.049 0.019 0.000 0.000 0.000 0.000 0.000 0.000 0.000 0.000 0.000 0.000 0.000 0.000 0.000 0.000 0.000 0.000 0.000 0.000 0.000 0.000 0.000 0.000 0.000 0.000 0.000 0.000 0.000 0.000 0.000 0.000
