in/test_suite/Manuel_C003_0001/C003_0001_C_S.asc
ncols    419
nrows    278
xllcorner    0
yllcorner    0
cellsize    10
NODATA_value    -9999
[rows 68 to 101 of 278, columns 0 to 75 of 419]
2.048 2.369 2.803 3.250 3.623 4.139 4.839 5.638 6.317 6.985 7.652 8.317 8.959 9.598 10.237 10.767 11.240 11.718 12.122 12.491 12.750 12.714 12.846 13.013 12.793 12.335 11.873 11.451 10.515 9.715 8.960 7.939 6.653 5.400 4.184 3.115 1.835 0.562 0.096 0.082 0.068 0.023 0.000 0.000 0.000 0.000 0.000 0.000 0.000 0.000 0.000 0.000 0.000 0.000 0.000 0.000 0.000 0.000 0.000 0.000 0.000 0.000 0.000 0.000 0.000 0.000 0.000 0.000 0.000 0.000 0.000 0.000 0.000 0.000 0.000 0.000
1.810 2.126 2.432 2.797 3.166 3.535 4.176 5.007 5.649 6.255 6.919 7.579 8.239 8.878 9.426 9.972 10.464 10.920 11.301 11.816 12.051 12.017 11.992 12.154 11.903 11.665 11.445 10.983 10.016 9.152 8.430 7.382 6.203 4.942 3.746 2.886 1.801 0.722 0.323 0.321 0.263 0.136 0.009 0.000 0.000 0.000 0.000 0.000 0.000 0.000 0.000 0.000 0.000 0.000 0.000 0.000 0.000 0.000 0.000 0.000 0.000 0.000 0.000 0.000 0.000 0.000 0.000 0.000 0.000 0.000 0.000 0.000 0.000 0.000 0.000 0.000
1.571 1.889 2.222 2.558 2.913 3.224 3.613 4.377 5.003 5.558 6.210 6.867 7.524 8.052 8.572 9.121 9.668 10.049 10.444 11.024 11.355 11.329 11.304 11.295 11.166 11.068 10.969 10.514 9.611 8.721 7.900 6.825 5.655 4.479 3.307 2.505 1.846 0.881 0.548 0.424 0.253 0.140 0.028 0.000 0.000 0.000 0.000 0.000 0.000 0.000 0.000 0.000 0.000 0.000 0.000 0.000 0.000 0.000 0.000 0.000 0.000 0.000 0.000 0.000 0.000 0.000 0.000 0.000 0.000 0.000 0.000 0.000 0.000 0.000 0.000 0.000
1.373 1.616 1.961 2.306 2.626 2.879 3.283 3.776 4.331 4.882 5.529 6.180 6.727 7.234 7.718 8.244 8.705 9.166 9.586 10.014 10.283 10.400 10.391 10.489 10.324 10.247 10.169 9.959 9.126 8.250 7.379 6.355 5.168 3.982 2.971 2.300 1.633 0.973 0.616 0.377 0.172 0.013 0.000 0.000 0.000 0.000 0.000 0.000 0.000 0.000 0.000 0.000 0.000 0.000 0.000 0.000 0.000 0.000 0.000 0.000 0.000 0.000 0.000 0.000 0.000 0.000 0.000 0.000 0.000 0.000 0.000 0.000 0.000 0.000 0.000 0.000
1.179 1.275 1.547 1.969 2.312 2.534 2.952 3.409 3.649 4.206 4.854 5.416 5.919 6.422 6.918 7.374 7.823 8.272 8.639 8.886 9.134 9.382 9.556 9.696 9.479 9.307 9.316 9.077 8.513 7.653 6.806 5.959 4.896 3.808 2.927 2.274 1.603 0.759 0.558 0.331 0.127 0.000 0.000 0.000 0.000 0.000 0.000 0.000 0.000 0.000 0.000 0.000 0.000 0.000 0.000 0.000 0.000 0.000 0.000 0.000 0.000 0.000 0.000 0.000 0.000 0.000 0.000 0.000 0.000 0.000 0.000 0.000 0.000 0.000 0.000 0.000
1.115 1.198 1.290 1.683 2.010 2.218 2.580 3.034 3.251 3.531 4.184 4.731 5.139 5.640 6.173 6.618 7.059 7.429 7.751 8.032 8.280 8.511 8.742 8.889 8.682 8.543 8.468 8.194 7.777 7.489 6.602 5.716 4.689 3.738 2.879 2.233 1.375 0.481 0.332 0.290 0.117 0.000 0.000 0.000 0.000 0.000 0.000 0.000 0.000 0.000 0.000 0.000 0.000 0.000 0.000 0.000 0.000 0.000 0.000 0.000 0.000 0.000 0.000 0.000 0.000 0.000 0.000 0.000 0.000 0.000 0.000 0.000 0.000 0.000 0.000 0.000
1.137 1.231 1.325 1.420 1.720 1.999 2.277 2.650 2.884 3.150 3.514 4.046 4.470 4.904 5.428 5.867 6.209 6.545 6.864 7.143 7.393 7.626 7.859 8.069 7.945 7.814 7.683 7.501 7.271 7.041 6.678 5.533 4.425 3.637 2.824 1.954 1.085 0.203 0.118 0.128 0.106 0.000 0.000 0.000 0.000 0.000 0.000 0.000 0.000 0.000 0.000 0.000 0.000 0.000 0.000 0.000 0.000 0.000 0.000 0.000 0.000 0.000 0.000 0.000 0.000 0.000 0.000 0.000 0.000 0.000 0.000 0.000 0.000 0.000 0.000 0.000
1.064 1.160 1.263 1.386 1.361 1.653 1.946 2.304 2.514 2.788 3.061 3.345 3.791 4.237 4.682 5.010 5.337 5.665 5.963 6.192 6.455 6.717 6.961 7.168 7.107 6.975 6.884 6.664 6.422 6.214 6.076 5.243 4.161 3.385 2.671 1.790 0.904 0.079 0.053 0.043 0.033 0.000 0.000 0.000 0.000 0.000 0.000 0.000 0.000 0.000 0.000 0.000 0.000 0.000 0.000 0.000 0.000 0.000 0.000 0.000 0.000 0.000 0.000 0.000 0.000 0.000 0.000 0.000 0.000 0.000 0.000 0.000 0.000 0.000 0.000 0.000
0.982 1.063 1.189 1.357 1.290 1.194 1.620 2.046 2.102 2.337 2.720 2.784 2.921 3.407 4.130 4.298 4.615 4.973 5.092 5.241 5.507 5.949 6.079 6.267 6.206 6.184 6.109 5.876 5.572 5.462 5.299 4.639 3.918 3.205 2.491 1.761 0.955 0.256 0.223 0.207 0.081 0.000 0.000 0.000 0.000 0.000 0.000 0.000 0.000 0.000 0.000 0.000 0.000 0.000 0.000 0.000 0.000 0.000 0.000 0.000 0.000 0.000 0.000 0.000 0.000 0.000 0.000 0.000 0.000 0.000 0.000 0.000 0.000 0.000 0.000 0.000
1.091 1.155 1.206 1.329 1.241 1.168 1.389 1.789 1.845 2.018 2.408 2.439 2.374 2.899 3.584 3.729 3.971 4.400 4.483 4.326 4.760 5.291 5.303 5.366 5.359 5.355 5.335 5.109 4.920 4.730 4.521 3.968 3.580 3.024 2.310 1.695 1.099 0.442 0.409 0.232 0.071 0.000 0.000 0.000 0.000 0.000 0.000 0.000 0.000 0.000 0.000 0.000 0.000 0.000 0.000 0.000 0.000 0.000 0.000 0.000 0.000 0.000 0.000 0.000 0.000 0.000 0.000 0.000 0.000 0.000 0.000 0.000 0.000 0.000 0.000 0.000
1.167 1.221 1.274 1.328 1.305 1.266 1.386 1.532 1.599 1.786 2.096 2.216 2.391 2.565 3.038 3.251 3.508 3.827 3.875 3.974 4.127 4.626 4.643 4.728 4.738 4.713 4.694 4.535 4.335 4.135 3.883 3.481 3.095 2.725 2.245 1.686 1.124 0.626 0.395 0.200 0.061 0.000 0.000 0.000 0.000 0.000 0.000 0.000 0.000 0.000 0.000 0.000 0.000 0.000 0.000 0.000 0.000 0.000 0.000 0.000 0.000 0.000 0.000 0.000 0.000 0.000 0.000 0.000 0.000 0.000 0.000 0.000 0.000 0.000 0.000 0.000
1.239 1.250 1.303 1.342 1.382 1.366 1.432 1.357 1.352 1.554 1.838 2.089 2.277 2.465 2.619 2.796 3.058 3.320 3.547 3.696 3.846 3.975 4.060 4.144 4.228 4.235 4.232 4.061 3.862 3.597 3.301 2.994 2.609 2.339 1.986 1.476 0.957 0.639 0.357 0.168 0.057 0.000 0.000 0.000 0.000 0.000 0.000 0.000 0.000 0.000 0.000 0.000 0.000 0.000 0.000 0.000 0.000 0.000 0.000 0.000 0.000 0.000 0.000 0.000 0.000 0.000 0.000 0.000 0.000 0.000 0.000 0.000 0.000 0.000 0.000 0.000
1.334 1.333 1.370 1.401 1.432 1.460 1.364 1.269 1.173 1.294 1.557 1.820 2.062 2.363 2.519 2.318 2.580 3.170 3.284 3.360 3.556 3.700 3.459 3.545 3.819 3.794 3.769 3.587 3.460 3.029 2.731 2.443 2.237 1.976 1.616 1.259 0.935 0.646 0.357 0.174 0.112 0.050 0.000 0.000 0.000 0.000 0.000 0.000 0.000 0.000 0.000 0.000 0.000 0.000 0.000 0.000 0.000 0.000 0.000 0.000 0.000 0.000 0.000 0.000 0.000 0.000 0.000 0.000 0.000 0.000 0.000 0.000 0.000 0.000 0.000 0.000
1.445 1.446 1.497 1.549 1.615 1.670 1.586 1.490 1.386 1.488 1.712 1.946 2.087 2.294 2.419 2.276 2.439 3.029 3.106 3.141 3.376 3.482 3.135 3.175 3.594 3.530 3.306 3.296 3.173 2.570 2.223 2.238 1.973 1.614 1.313 1.060 0.486 0.195 0.150 0.134 0.063 0.008 0.000 0.000 0.000 0.000 0.000 0.000 0.000 0.000 0.000 0.000 0.000 0.000 0.000 0.000 0.000 0.000 0.000 0.000 0.000 0.000 0.000 0.000 0.000 0.000 0.000 0.000 0.000 0.000 0.000 0.000 0.000 0.000 0.000 0.000
1.546 1.558 1.614 1.723 1.836 1.881 1.797 1.702 1.595 1.715 1.903 2.038 2.178 2.315 2.410 2.464 2.620 2.888 3.009 3.120 3.230 3.264 3.169 3.162 3.370 3.276 3.216 3.045 2.886 2.370 2.080 2.033 1.743 1.393 1.136 0.861 0.287 0.038 0.141 0.114 0.012 0.000 0.000 0.000 0.000 0.000 0.000 0.000 0.000 0.000 0.000 0.000 0.000 0.000 0.000 0.000 0.000 0.000 0.000 0.000 0.000 0.000 0.000 0.000 0.000 0.000 0.000 0.000 0.000 0.000 0.000 0.000 0.000 0.000 0.000 0.000
1.580 1.669 1.781 1.913 2.044 2.091 1.997 1.902 1.804 1.919 2.025 2.130 2.269 2.412 2.561 2.652 2.817 2.937 3.028 3.134 3.241 3.328 3.297 3.293 3.288 3.208 3.139 2.943 2.725 2.427 2.138 1.857 1.585 1.291 0.996 0.662 0.432 0.251 0.133 0.099 0.052 0.006 0.000 0.000 0.000 0.000 0.000 0.000 0.000 0.000 0.000 0.000 0.000 0.000 0.000 0.000 0.000 0.000 0.000 0.000 0.000 0.000 0.000 0.000 0.000 0.000 0.000 0.000 0.000 0.000 0.000 0.000 0.000 0.000 0.000 0.000
1.614 1.664 1.720 1.869 2.018 2.102 2.041 1.962 1.907 2.022 2.130 2.238 2.395 2.537 2.679 2.821 2.913 2.995 3.080 3.172 3.258 3.344 3.424 3.384 3.271 3.158 3.063 2.878 2.703 2.484 2.196 1.799 1.371 1.085 0.799 0.671 0.452 0.294 0.169 0.105 0.063 0.022 0.000 0.000 0.000 0.000 0.000 0.000 0.000 0.000 0.000 0.000 0.000 0.000 0.000 0.000 0.000 0.000 0.000 0.000 0.000 0.000 0.000 0.000 0.000 0.000 0.000 0.000 0.000 0.000 0.000 0.000 0.000 0.000 0.000 0.000
1.590 1.641 1.691 1.763 1.907 1.983 1.979 1.942 1.926 2.073 2.206 2.363 2.552 2.753 2.895 3.077 3.186 3.262 3.343 3.455 3.538 3.604 3.660 3.600 3.464 3.327 3.188 2.981 2.780 2.578 2.205 1.745 1.285 0.879 0.844 0.697 0.353 0.206 0.187 0.095 0.017 0.000 0.000 0.000 0.000 0.000 0.000 0.000 0.000 0.000 0.000 0.000 0.000 0.000 0.000 0.000 0.000 0.000 0.000 0.000 0.000 0.000 0.000 0.000 0.000 0.000 0.000 0.000 0.000 0.000 0.000 0.000 0.000 0.000 0.000 0.000
1.523 1.557 1.622 1.703 1.797 1.863 1.914 1.960 1.945 2.103 2.320 2.513 2.704 2.922 3.156 3.339 3.443 3.554 3.671 3.782 3.883 3.950 3.994 3.936 3.840 3.735 3.601 3.372 3.166 2.902 2.556 2.130 1.663 1.195 0.888 0.723 0.328 0.215 0.205 0.108 0.000 0.000 0.000 0.000 0.000 0.000 0.000 0.000 0.000 0.000 0.000 0.000 0.000 0.000 0.000 0.000 0.000 0.000 0.000 0.000 0.000 0.000 0.000 0.000 0.000 0.000 0.000 0.000 0.000 0.000 0.000 0.000 0.000 0.000 0.000 0.000
1.480 1.503 1.577 1.658 1.728 1.810 1.892 1.935 1.972 2.198 2.423 2.649 2.866 3.120 3.375 3.601 3.725 3.873 3.999 4.110 4.236 4.293 4.328 4.262 4.218 4.156 4.015 3.775 3.484 3.220 2.867 2.480 2.020 1.557 1.163 0.686 0.239 0.157 0.223 0.105 0.000 0.000 0.000 0.000 0.000 0.000 0.000 0.000 0.000 0.000 0.000 0.000 0.000 0.000 0.000 0.000 0.000 0.000 0.000 0.000 0.000 0.000 0.000 0.000 0.000 0.000 0.000 0.000 0.000 0.000 0.000 0.000 0.000 0.000 0.000 0.000
1.460 1.499 1.538 1.612 1.641 1.752 1.870 1.922 2.070 2.343 2.567 2.779 3.021 3.283 3.541 3.823 4.046 4.192 4.319 4.467 4.605 4.654 4.673 4.645 4.590 4.549 4.411 4.118 3.826 3.538 3.165 2.763 2.361 1.919 1.341 0.700 0.150 0.098 0.107 0.098 0.000 0.000 0.000 0.000 0.000 0.000 0.000 0.000 0.000 0.000 0.000 0.000 0.000 0.000 0.000 0.000 0.000 0.000 0.000 0.000 0.000 0.000 0.000 0.000 0.000 0.000 0.000 0.000 0.000 0.000 0.000 0.000 0.000 0.000 0.000 0.000
1.410 1.454 1.497 1.519 1.542 1.662 1.840 2.008 2.165 2.451 2.703 2.895 3.143 3.425 3.713 4.013 4.312 4.511 4.666 4.823 4.975 5.037 5.167 5.298 5.249 5.197 5.063 4.778 4.462 4.127 3.758 3.326 2.895 2.391 1.725 1.038 0.346 0.099 0.071 0.043 0.005 0.000 0.000 0.000 0.000 0.000 0.000 0.000 0.000 0.000 0.000 0.000 0.000 0.000 0.000 0.000 0.000 0.000 0.000 0.000 0.000 0.000 0.000 0.000 0.000 0.000 0.000 0.000 0.000 0.000 0.000 0.000 0.000 0.000 0.000 0.000
1.346 1.377 1.399 1.421 1.443 1.599 1.834 2.070 2.260 2.528 2.783 3.012 3.265 3.620 3.948 4.244 4.542 4.868 5.065 5.217 5.402 5.574 5.698 5.822 5.919 5.874 5.729 5.489 5.171 4.825 4.478 4.100 3.516 3.003 2.576 1.880 1.155 0.690 0.539 0.306 0.054 0.152 0.143 0.031 0.000 0.000 0.000 0.000 0.000 0.000 0.000 0.000 0.000 0.000 0.000 0.000 0.000 0.000 0.000 0.000 0.000 0.000 0.000 0.000 0.000 0.000 0.000 0.000 0.000 0.000 0.000 0.000 0.000 0.000 0.000 0.000
1.343 1.383 1.408 1.421 1.451 1.663 1.891 2.119 2.349 2.607 2.860 3.112 3.471 3.839 4.167 4.493 4.818 5.144 5.472 5.696 5.958 6.147 6.299 6.399 6.487 6.552 6.395 6.234 6.083 5.756 5.360 4.726 4.117 3.615 3.184 2.689 1.963 1.516 0.935 0.278 0.064 0.220 0.178 0.021 0.000 0.000 0.000 0.000 0.000 0.000 0.000 0.000 0.000 0.000 0.000 0.000 0.000 0.000 0.000 0.000 0.000 0.000 0.000 0.000 0.000 0.000 0.000 0.000 0.000 0.000 0.000 0.000 0.000 0.000 0.000 0.000
1.349 1.394 1.440 1.483 1.529 1.759 2.003 2.195 2.421 2.722 2.984 3.339 3.695 4.057 4.390 4.740 5.094 5.420 5.809 6.246 6.513 6.698 6.913 7.045 7.123 7.206 7.285 7.109 6.933 6.742 6.069 5.393 4.739 4.208 3.753 3.298 2.774 2.400 1.786 0.327 0.073 0.473 0.289 0.012 0.000 0.000 0.000 0.000 0.000 0.000 0.000 0.000 0.000 0.000 0.000 0.000 0.000 0.000 0.000 0.000 0.000 0.000 0.000 0.000 0.000 0.000 0.000 0.000 0.000 0.000 0.000 0.000 0.000 0.000 0.000 0.000
1.270 1.316 1.421 1.544 1.607 1.849 2.060 2.260 2.492 2.806 3.154 3.516 3.878 4.265 4.627 4.979 5.346 5.772 6.209 6.646 7.068 7.289 7.513 7.738 7.884 8.158 8.301 8.281 8.160 8.041 7.436 6.759 6.163 5.598 5.070 4.562 3.888 3.317 2.636 1.222 0.359 0.771 0.536 0.148 0.058 0.044 0.030 0.000 0.000 0.000 0.000 0.000 0.000 0.000 0.000 0.000 0.000 0.000 0.000 0.000 0.000 0.000 0.000 0.000 0.000 0.000 0.000 0.000 0.000 0.000 0.000 0.000 0.000 0.000 0.000 0.000
1.261 1.318 1.439 1.560 1.676 1.893 2.103 2.314 2.583 2.940 3.284 3.628 4.022 4.439 4.856 5.218 5.668 6.153 6.617 7.055 7.529 8.035 8.250 8.484 8.820 9.110 9.242 9.400 9.493 9.340 8.739 8.223 7.676 7.109 6.532 5.821 5.117 4.413 3.601 2.692 1.783 1.069 0.863 0.601 0.339 0.277 0.116 0.000 0.000 0.000 0.000 0.000 0.000 0.000 0.000 0.000 0.000 0.000 0.000 0.000 0.000 0.000 0.000 0.000 0.000 0.000 0.000 0.000 0.000 0.000 0.000 0.000 0.000 0.000 0.000 0.000
1.296 1.364 1.490 1.598 1.679 1.955 2.165 2.395 2.712 3.074 3.417 3.793 4.193 4.610 5.027 5.552 6.021 6.508 7.005 7.497 7.978 8.556 9.050 9.335 9.677 10.059 10.274 10.502 10.729 10.639 10.152 9.681 9.189 8.614 7.978 7.085 6.369 5.692 4.849 3.857 2.972 2.135 0.756 0.551 0.345 0.315 0.102 0.000 0.003 0.000 0.000 0.000 0.000 0.000 0.000 0.000 0.000 0.000 0.000 0.000 0.000 0.000 0.000 0.000 0.000 0.000 0.000 0.000 0.000 0.000 0.000 0.000 0.000 0.000 0.000 0.000
1.331 1.408 1.516 1.587 1.681 1.958 2.253 2.507 2.830 3.204 3.594 3.986 4.377 4.788 5.319 5.850 6.375 6.865 7.367 7.918 8.426 9.042 9.691 10.185 10.533 10.875 11.197 11.438 11.680 11.918 11.539 11.075 10.606 10.058 9.417 8.513 7.661 7.041 6.166 5.013 4.110 3.310 1.394 0.070 0.068 0.082 0.088 0.016 0.118 0.035 0.000 0.000 0.000 0.000 0.000 0.000 0.000 0.000 0.000 0.000 0.000 0.000 0.000 0.000 0.000 0.000 0.000 0.000 0.000 0.000 0.000 0.000 0.000 0.000 0.000 0.000
1.365 1.425 1.500 1.574 1.683 1.993 2.313 2.618 2.949 3.283 3.617 4.012 4.455 5.028 5.552 6.088 6.651 7.227 7.730 8.283 8.937 9.589 10.234 10.879 11.410 11.710 12.009 12.336 12.759 12.964 12.830 12.406 11.918 11.430 10.845 9.992 9.174 8.390 7.483 6.687 5.399 4.486 2.515 1.011 0.572 0.524 0.395 0.131 0.232 0.137 0.022 0.000 0.000 0.000 0.000 0.000 0.000 0.000 0.000 0.000 0.000 0.000 0.000 0.000 0.000 0.000 0.000 0.000 0.000 0.000 0.000 0.000 0.000 0.000 0.000 0.000
1.409 1.472 1.542 1.611 1.788 2.107 2.421 2.727 3.065 3.391 3.716 4.090 4.695 5.262 5.770 6.331 6.928 7.525 8.095 8.767 9.471 10.175 10.820 11.421 12.418 13.005 13.208 13.282 13.838 14.009 13.842 14.390 13.890 13.342 12.238 11.572 10.747 9.922 9.213 8.493 7.161 5.650 3.944 2.495 1.685 1.216 0.890 0.563 0.347 0.239 0.124 0.009 0.000 0.000 0.000 0.000 0.000 0.000 0.000 0.000 0.000 0.000 0.000 0.000 0.000 0.000 0.000 0.000 0.000 0.000 0.000 0.000 0.000 0.000 0.000 0.000
1.476 1.547 1.611 1.749 1.947 2.280 2.582 2.824 3.212 3.594 3.983 4.450 4.935 5.497 5.988 6.593 7.204 7.801 8.466 9.204 9.917 10.633 11.357 11.958 12.987 14.015 14.075 14.191 14.806 15.012 14.809 15.422 16.207 14.818 13.503 13.101 12.397 11.701 11.005 10.299 8.838 7.105 5.374 3.978 2.974 1.316 0.547 0.282 0.559 0.202 0.101 0.000 0.000 0.000 0.000 0.000 0.000 0.000 0.000 0.000 0.000 0.000 0.000 0.000 0.000 0.000 0.000 0.000 0.000 0.000 0.000 0.000 0.000 0.000 0.000 0.000
1.295 1.395 1.663 1.896 2.106 2.414 2.677 2.921 3.320 3.784 4.266 4.744 5.222 5.712 6.196 6.812 7.476 8.138 8.813 9.571 10.311 11.049 11.787 12.496 13.465 14.359 14.868 15.099 15.780 15.973 15.776 16.455 16.803 16.014 14.768 14.299 13.572 12.920 12.282 11.642 10.082 8.381 6.679 5.222 4.055 2.346 0.322 0.420 0.805 0.297 0.000 0.000 0.000 0.000 0.000 0.000 0.000 0.000 0.000 0.000 0.000 0.000 0.000 0.000 0.000 0.000 0.000 0.000 0.000 0.000 0.000 0.000 0.000 0.000 0.000 0.000
1.233 1.480 1.732 1.984 2.235 2.493 2.756 3.018 3.467 3.955 4.442 4.923 5.417 5.913 6.404 7.040 7.760 8.479 9.161 9.912 10.687 11.450 12.189 12.977 13.834 14.702 15.211 16.083 16.789 16.928 16.685 16.898 17.173 16.564 15.924 15.197 14.470 13.742 13.099 12.453 10.944 9.315 7.859 6.466 5.136 3.398 2.114 0.831 1.050 0.595 0.288 0.156 0.144 0.034 0.000 0.000 0.000 0.000 0.000 0.000 0.000 0.000 0.000 0.000 0.000 0.000 0.000 0.000 0.000 0.000 0.000 0.000 0.000 0.000 0.000 0.000
