in/test_suite/Manuel_C003_0001/C003_0001_U_S.asc
ncols    419
nrows    278
xllcorner    0
yllcorner    0
cellsize    10
NODATA_value    -9999
[rows 136 to 169 of 278, columns 231 to 307 of 419]
1.000 1.000 1.000 1.000 1.000 1.000 1.000 1.000 0.948 0.710 0.607 0.666 0.529 0.294 0.332 0.374 0.406 0.421 0.460 0.542 0.629 0.707 0.764 0.836 0.916 0.995 1.073 1.153 1.258 1.371 1.515 1.647 1.700 1.753 1.806 1.846 1.878 1.910 1.940 1.972 2.003 2.033 2.059 2.091 2.124 2.176 2.234 2.292 2.341 2.378 2.396 2.388 2.396 2.411 2.410 2.417 2.431 2.445 2.473 2.471 2.471 2.470 2.445 2.420 2.393 2.350 2.282 2.212 2.138 2.042 1.938 1.834 1.767 1.711 1.655 1.593 1.547
1.000 1.000 1.000 1.000 1.000 1.000 1.000 0.998 0.888 0.696 0.611 0.644 0.526 0.292 0.347 0.402 0.419 0.434 0.449 0.505 0.585 0.666 0.743 0.824 0.906 0.987 1.070 1.168 1.265 1.372 1.508 1.631 1.743 1.797 1.840 1.881 1.915 1.948 1.980 2.012 2.044 2.077 2.120 2.153 2.185 2.218 2.272 2.329 2.387 2.407 2.397 2.388 2.382 2.378 2.369 2.360 2.371 2.423 2.475 2.501 2.498 2.483 2.468 2.442 2.396 2.328 2.259 2.190 2.102 2.003 1.900 1.796 1.703 1.649 1.594 1.543 1.549
1.000 1.000 1.000 1.000 1.000 1.000 0.984 0.876 0.765 0.649 0.567 0.504 0.428 0.296 0.348 0.391 0.432 0.448 0.491 0.537 0.604 0.683 0.778 0.869 0.946 1.020 1.084 1.183 1.280 1.372 1.483 1.607 1.736 1.827 1.864 1.906 1.948 1.981 2.014 2.047 2.082 2.128 2.174 2.216 2.249 2.283 2.314 2.371 2.395 2.405 2.402 2.392 2.368 2.342 2.333 2.330 2.361 2.412 2.463 2.510 2.513 2.498 2.484 2.440 2.375 2.307 2.237 2.146 2.052 1.958 1.856 1.727 1.635 1.573 1.524 1.491 1.539
1.000 1.000 1.000 1.000 1.000 0.970 0.862 0.754 0.643 0.527 0.430 0.364 0.287 0.300 0.343 0.385 0.428 0.493 0.542 0.587 0.636 0.725 0.820 0.918 1.001 1.065 1.129 1.198 1.289 1.377 1.466 1.583 1.698 1.811 1.889 1.931 1.973 2.014 2.047 2.078 2.128 2.179 2.226 2.273 2.315 2.348 2.379 2.376 2.385 2.394 2.403 2.381 2.355 2.322 2.311 2.342 2.373 2.406 2.451 2.491 2.520 2.518 2.476 2.419 2.354 2.286 2.196 2.100 2.006 1.906 1.784 1.657 1.569 1.512 1.469 1.442 1.489
1.000 1.000 1.000 1.000 1.000 0.838 0.732 0.626 0.521 0.406 0.310 0.224 0.253 0.298 0.342 0.388 0.453 0.524 0.592 0.644 0.707 0.769 0.862 0.951 1.035 1.108 1.172 1.235 1.310 1.397 1.484 1.566 1.674 1.785 1.896 1.962 2.003 2.044 2.078 2.107 2.159 2.228 2.278 2.326 2.373 2.413 2.402 2.390 2.382 2.389 2.384 2.368 2.343 2.327 2.334 2.354 2.385 2.409 2.432 2.471 2.501 2.498 2.455 2.397 2.330 2.243 2.153 2.056 1.951 1.833 1.711 1.586 1.513 1.467 1.420 1.392 1.433
1.000 1.000 1.000 1.000 0.985 0.723 0.578 0.481 0.387 0.284 0.191 0.220 0.245 0.290 0.341 0.412 0.479 0.551 0.634 0.716 0.779 0.840 0.892 0.974 1.058 1.144 1.214 1.277 1.348 1.424 1.507 1.589 1.671 1.784 1.899 1.993 2.050 2.088 2.116 2.135 2.190 2.239 2.285 2.336 2.385 2.414 2.417 2.405 2.391 2.370 2.364 2.348 2.354 2.361 2.369 2.376 2.389 2.408 2.428 2.451 2.445 2.438 2.431 2.370 2.284 2.198 2.110 2.001 1.880 1.760 1.638 1.540 1.456 1.407 1.362 1.354 1.351
1.000 1.000 1.000 1.000 0.969 0.707 0.567 0.455 0.345 0.233 0.201 0.230 0.253 0.291 0.363 0.434 0.504 0.588 0.680 0.773 0.850 0.899 0.945 0.997 1.082 1.166 1.251 1.318 1.387 1.452 1.530 1.612 1.690 1.787 1.902 1.994 2.083 2.130 2.156 2.171 2.195 2.242 2.289 2.332 2.359 2.388 2.421 2.416 2.396 2.366 2.345 2.354 2.376 2.401 2.409 2.397 2.391 2.405 2.419 2.401 2.388 2.381 2.366 2.328 2.242 2.156 2.051 1.930 1.809 1.688 1.598 1.512 1.427 1.349 1.361 1.352 1.288
1.000 1.000 1.000 1.000 0.956 0.831 0.706 0.580 0.468 0.349 0.255 0.240 0.277 0.327 0.384 0.455 0.543 0.638 0.730 0.822 0.909 0.962 1.007 1.051 1.101 1.186 1.271 1.355 1.417 1.483 1.556 1.630 1.704 1.801 1.903 1.992 2.080 2.167 2.196 2.197 2.203 2.232 2.281 2.322 2.332 2.362 2.402 2.419 2.402 2.371 2.363 2.376 2.399 2.425 2.427 2.413 2.408 2.392 2.372 2.354 2.337 2.314 2.284 2.249 2.204 2.097 1.981 1.857 1.736 1.651 1.568 1.483 1.410 1.384 1.363 1.350 1.268
1.000 1.000 1.000 1.000 1.000 0.946 0.823 0.702 0.584 0.465 0.372 0.297 0.319 0.369 0.419 0.502 0.595 0.688 0.781 0.875 0.960 1.025 1.073 1.109 1.147 1.203 1.286 1.367 1.447 1.514 1.581 1.646 1.718 1.816 1.887 1.965 2.054 2.142 2.221 2.223 2.229 2.238 2.276 2.315 2.320 2.345 2.391 2.405 2.407 2.403 2.401 2.405 2.417 2.410 2.421 2.430 2.406 2.356 2.325 2.307 2.273 2.234 2.203 2.168 2.107 2.028 1.911 1.790 1.703 1.620 1.536 1.472 1.446 1.420 1.394 1.324 1.218
1.000 1.000 1.000 1.000 1.000 1.000 0.935 0.817 0.699 0.581 0.509 0.444 0.379 0.414 0.498 0.584 0.673 0.764 0.845 0.928 1.011 1.072 1.128 1.167 1.205 1.236 1.290 1.372 1.454 1.533 1.599 1.665 1.728 1.795 1.868 1.939 2.016 2.097 2.178 2.249 2.258 2.269 2.280 2.307 2.318 2.342 2.380 2.392 2.408 2.440 2.438 2.432 2.405 2.396 2.408 2.404 2.368 2.319 2.289 2.239 2.195 2.157 2.123 2.058 1.993 1.928 1.849 1.761 1.674 1.587 1.531 1.507 1.480 1.454 1.375 1.272 1.168
1.000 1.000 1.000 1.000 1.000 1.000 1.000 0.922 0.805 0.603 0.648 0.584 0.509 0.498 0.584 0.670 0.752 0.828 0.909 0.990 1.057 1.113 1.169 1.224 1.254 1.281 1.308 1.369 1.449 1.530 1.609 1.668 1.710 1.755 1.825 1.870 1.931 2.025 2.108 2.166 2.284 2.296 2.307 2.308 2.319 2.343 2.373 2.394 2.411 2.447 2.461 2.428 2.402 2.383 2.366 2.341 2.317 2.282 2.228 2.172 2.117 2.076 2.009 1.943 1.878 1.819 1.788 1.739 1.651 1.596 1.565 1.541 1.514 1.427 1.324 1.221 1.113
1.000 1.000 1.000 1.000 1.000 1.000 1.000 1.000 0.795 0.598 0.693 0.695 0.520 0.528 0.672 0.753 0.827 0.896 0.974 1.040 1.098 1.155 1.210 1.258 1.303 1.330 1.356 1.379 1.443 1.525 1.599 1.650 1.692 1.736 1.748 1.765 1.832 1.940 2.001 2.049 2.211 2.319 2.319 2.319 2.319 2.342 2.363 2.391 2.414 2.429 2.431 2.424 2.399 2.342 2.273 2.250 2.228 2.195 2.147 2.092 2.025 1.947 1.882 1.818 1.771 1.725 1.695 1.688 1.669 1.637 1.605 1.576 1.478 1.376 1.275 1.154 0.946
1.000 1.000 1.000 1.000 1.000 1.000 0.987 0.878 0.757 0.592 0.651 0.637 0.532 0.559 0.703 0.828 0.902 0.971 1.023 1.080 1.138 1.195 1.243 1.289 1.336 1.378 1.401 1.424 1.447 1.508 1.568 1.624 1.673 1.676 1.665 1.660 1.732 1.797 1.878 1.940 2.097 2.237 2.311 2.313 2.319 2.331 2.353 2.381 2.392 2.391 2.393 2.399 2.351 2.282 2.214 2.149 2.116 2.084 2.051 1.983 1.880 1.801 1.731 1.689 1.660 1.630 1.603 1.642 1.689 1.678 1.641 1.530 1.427 1.326 1.193 0.987 0.779
1.000 1.000 1.000 1.000 1.000 0.973 0.864 0.754 0.633 0.535 0.526 0.512 0.490 0.582 0.721 0.860 0.978 1.026 1.074 1.121 1.177 1.225 1.274 1.321 1.367 1.413 1.454 1.477 1.482 1.480 1.538 1.593 1.601 1.594 1.584 1.574 1.584 1.648 1.730 1.821 1.959 2.100 2.241 2.306 2.317 2.328 2.343 2.350 2.351 2.353 2.354 2.313 2.272 2.216 2.142 2.050 1.972 1.942 1.895 1.834 1.736 1.658 1.576 1.528 1.505 1.482 1.527 1.581 1.635 1.683 1.590 1.479 1.377 1.230 1.025 0.819 0.613
1.000 1.000 1.000 1.000 0.959 0.850 0.740 0.630 0.539 0.467 0.402 0.386 0.487 0.609 0.744 0.881 1.000 1.083 1.130 1.174 1.207 1.256 1.304 1.351 1.397 1.444 1.492 1.510 1.506 1.504 1.507 1.508 1.508 1.509 1.502 1.491 1.481 1.499 1.592 1.698 1.805 1.946 2.135 2.277 2.316 2.328 2.314 2.301 2.303 2.298 2.257 2.217 2.177 2.130 2.050 1.959 1.867 1.775 1.714 1.653 1.591 1.504 1.418 1.342 1.306 1.344 1.392 1.447 1.490 1.512 1.534 1.429 1.269 1.064 0.858 0.652 0.497
1.000 1.000 1.000 1.000 1.000 0.888 0.765 0.601 0.588 0.502 0.416 0.401 0.525 0.647 0.765 0.885 1.003 1.113 1.185 1.222 1.253 1.285 1.332 1.378 1.427 1.474 1.499 1.521 1.530 1.519 1.449 1.402 1.404 1.402 1.406 1.400 1.390 1.431 1.518 1.618 1.718 1.849 2.060 2.196 2.297 2.299 2.283 2.261 2.238 2.198 2.156 2.114 2.066 2.009 1.952 1.868 1.753 1.624 1.521 1.460 1.412 1.345 1.260 1.197 1.182 1.208 1.257 1.321 1.320 1.342 1.364 1.314 1.107 0.900 0.693 0.544 0.403
1.000 1.000 1.000 1.000 1.000 0.997 0.784 0.612 0.695 0.666 0.612 0.557 0.564 0.680 0.784 0.888 1.006 1.111 1.211 1.270 1.300 1.326 1.358 1.405 1.453 1.475 1.498 1.520 1.525 1.464 1.395 1.338 1.292 1.284 1.289 1.303 1.356 1.431 1.507 1.597 1.718 1.840 1.985 2.109 2.186 2.262 2.252 2.214 2.149 2.097 2.056 2.013 1.945 1.889 1.832 1.749 1.628 1.497 1.363 1.282 1.233 1.168 1.123 1.108 1.093 1.078 1.133 1.208 1.177 1.172 1.165 1.104 0.960 0.755 0.604 0.452 0.309
1.000 1.000 1.000 1.000 1.000 0.892 0.777 0.623 0.681 0.653 0.618 0.582 0.607 0.702 0.806 0.909 1.003 1.103 1.203 1.303 1.345 1.370 1.396 1.427 1.444 1.466 1.493 1.490 1.446 1.402 1.341 1.277 1.209 1.166 1.172 1.255 1.350 1.426 1.504 1.606 1.723 1.845 1.942 2.000 2.076 2.152 2.200 2.137 2.072 2.005 1.954 1.910 1.837 1.769 1.697 1.610 1.502 1.374 1.251 1.129 1.054 1.022 1.026 1.024 1.008 1.011 1.021 1.093 1.057 0.989 0.956 0.887 0.768 0.673 0.521 0.369 0.300
1.000 1.000 1.000 0.988 0.878 0.769 0.672 0.595 0.566 0.538 0.510 0.552 0.649 0.735 0.832 0.916 1.002 1.098 1.197 1.290 1.383 1.417 1.433 1.426 1.434 1.457 1.450 1.403 1.360 1.317 1.272 1.207 1.140 1.073 1.133 1.229 1.325 1.424 1.526 1.628 1.731 1.816 1.863 1.909 1.970 2.015 2.045 2.061 1.996 1.926 1.857 1.807 1.731 1.641 1.560 1.471 1.368 1.270 1.147 1.023 0.933 0.923 0.926 0.930 0.945 0.955 0.966 0.971 0.901 0.831 0.760 0.688 0.617 0.547 0.442 0.400 0.455
1.000 1.000 0.974 0.870 0.756 0.647 0.565 0.502 0.451 0.423 0.489 0.594 0.690 0.777 0.840 0.914 1.001 1.094 1.177 1.271 1.365 1.449 1.441 1.435 1.432 1.405 1.364 1.315 1.267 1.226 1.181 1.126 1.070 1.098 1.122 1.192 1.299 1.428 1.550 1.652 1.716 1.752 1.797 1.842 1.854 1.870 1.898 1.926 1.919 1.849 1.779 1.705 1.613 1.521 1.430 1.338 1.244 1.149 1.048 0.965 0.898 0.834 0.831 0.850 0.878 0.898 0.893 0.828 0.765 0.693 0.621 0.547 0.475 0.403 0.369 0.401 0.474
1.000 0.961 0.857 0.753 0.638 0.550 0.485 0.421 0.356 0.415 0.522 0.628 0.730 0.792 0.854 0.916 0.997 1.078 1.155 1.239 1.320 1.389 1.449 1.444 1.392 1.326 1.279 1.229 1.181 1.137 1.091 1.055 1.098 1.126 1.150 1.188 1.298 1.427 1.557 1.628 1.662 1.699 1.736 1.744 1.748 1.745 1.763 1.783 1.797 1.777 1.701 1.615 1.529 1.437 1.343 1.247 1.151 1.055 0.991 0.929 0.862 0.800 0.753 0.773 0.802 0.807 0.750 0.685 0.624 0.561 0.485 0.410 0.336 0.309 0.293 0.278 0.323
0.948 0.844 0.740 0.636 0.553 0.483 0.413 0.348 0.395 0.446 0.529 0.628 0.701 0.783 0.846 0.913 0.983 1.063 1.140 1.202 1.260 1.329 1.398 1.395 1.329 1.262 1.195 1.145 1.098 1.050 1.030 1.059 1.105 1.154 1.196 1.252 1.307 1.426 1.500 1.562 1.609 1.643 1.630 1.639 1.642 1.631 1.622 1.640 1.653 1.646 1.612 1.526 1.440 1.350 1.255 1.160 1.063 1.004 0.946 0.887 0.829 0.782 0.735 0.696 0.689 0.638 0.600 0.541 0.490 0.441 0.380 0.304 0.306 0.263 0.246 0.230 0.322
0.811 0.703 0.600 0.537 0.469 0.400 0.343 0.400 0.451 0.502 0.541 0.594 0.667 0.755 0.837 0.908 0.978 1.048 1.110 1.166 1.210 1.270 1.285 1.289 1.265 1.197 1.123 1.045 0.998 0.992 1.030 1.062 1.110 1.184 1.258 1.314 1.369 1.355 1.415 1.478 1.533 1.532 1.521 1.530 1.525 1.495 1.488 1.498 1.487 1.464 1.482 1.437 1.346 1.256 1.167 1.065 0.913 0.951 0.901 0.809 0.748 0.754 0.708 0.621 0.520 0.470 0.432 0.439 0.362 0.313 0.266 0.287 0.296 0.248 0.208 0.200 0.307
0.684 0.560 0.501 0.444 0.376 0.335 0.392 0.448 0.504 0.539 0.554 0.569 0.634 0.722 0.810 0.890 0.961 1.006 1.075 1.130 1.166 1.156 1.166 1.169 1.164 1.125 1.051 0.972 0.935 0.976 1.018 1.060 1.139 1.221 1.304 1.370 1.363 1.345 1.322 1.371 1.392 1.412 1.411 1.404 1.384 1.359 1.354 1.333 1.304 1.283 1.301 1.306 1.250 1.161 1.059 0.914 0.763 0.812 0.811 0.653 0.606 0.684 0.627 0.510 0.394 0.302 0.538 0.566 0.234 0.199 0.234 0.270 0.284 0.239 0.199 0.170 0.292
0.563 0.486 0.410 0.351 0.324 0.382 0.443 0.499 0.527 0.543 0.559 0.575 0.587 0.673 0.764 0.855 0.915 0.958 1.030 1.079 1.068 1.058 1.049 1.046 1.037 1.026 0.979 0.941 0.917 0.908 0.950 1.059 1.117 1.199 1.278 1.332 1.354 1.334 1.290 1.244 1.263 1.282 1.287 1.262 1.241 1.220 1.181 1.152 1.124 1.098 1.089 1.097 1.133 1.042 0.891 0.754 0.624 0.613 0.563 0.497 0.464 0.586 0.717 0.636 0.515 0.559 0.700 0.693 0.423 0.324 0.342 0.360 0.291 0.230 0.192 0.153 0.216
0.575 0.484 0.394 0.314 0.365 0.424 0.492 0.516 0.522 0.540 0.557 0.562 0.573 0.595 0.685 0.769 0.854 0.911 0.954 0.961 0.971 0.961 0.943 0.919 0.911 0.899 0.936 0.932 0.908 0.891 0.957 1.068 1.122 1.172 1.222 1.272 1.324 1.306 1.244 1.182 1.145 1.169 1.173 1.125 1.102 1.044 0.987 0.947 0.920 0.897 0.878 0.888 0.893 0.867 0.724 0.587 0.566 0.532 0.461 0.390 0.480 0.591 0.701 0.788 0.843 0.904 0.952 0.913 0.797 0.682 0.598 0.507 0.361 0.219 0.169 0.241 0.327
0.733 0.644 0.473 0.341 0.406 0.466 0.492 0.509 0.518 0.535 0.542 0.547 0.558 0.571 0.580 0.667 0.753 0.818 0.827 0.835 0.857 0.854 0.830 0.806 0.785 0.831 0.875 0.912 0.916 0.960 1.004 1.078 1.129 1.180 1.230 1.280 1.313 1.290 1.230 1.166 1.092 1.059 1.058 1.008 0.949 0.888 0.827 0.755 0.715 0.693 0.671 0.638 0.614 0.589 0.556 0.554 0.576 0.598 0.561 0.578 0.700 0.853 0.925 0.918 0.912 0.973 1.000 1.000 0.932 0.834 0.712 0.576 0.430 0.290 0.278 0.363 0.448
0.709 0.649 0.482 0.368 0.436 0.457 0.475 0.493 0.509 0.517 0.524 0.531 0.533 0.529 0.524 0.544 0.604 0.650 0.696 0.709 0.720 0.730 0.720 0.703 0.735 0.771 0.814 0.876 0.985 1.034 1.078 1.123 1.169 1.216 1.262 1.268 1.294 1.266 1.218 1.145 1.070 0.996 0.941 0.881 0.822 0.762 0.686 0.595 0.505 0.473 0.588 0.474 0.301 0.277 0.411 0.529 0.553 0.601 0.733 0.770 0.901 1.000 1.000 1.000 1.000 1.000 1.000 1.000 1.000 0.893 0.764 0.635 0.518 0.505 0.492 0.491 0.582
0.578 0.522 0.452 0.392 0.434 0.444 0.448 0.462 0.469 0.480 0.487 0.490 0.492 0.490 0.485 0.454 0.443 0.488 0.534 0.576 0.585 0.594 0.622 0.658 0.690 0.721 0.788 0.896 1.004 1.111 1.158 1.205 1.251 1.297 1.287 1.274 1.274 1.240 1.181 1.123 1.049 0.959 0.858 0.786 0.724 0.651 0.552 0.459 0.366 0.416 0.574 0.431 0.147 0.245 0.350 0.455 0.559 0.690 0.822 0.954 1.000 1.000 1.000 1.000 1.000 1.000 1.000 1.000 1.000 1.000 0.878 0.745 0.706 0.747 0.732 0.717 0.729
0.451 0.394 0.348 0.389 0.431 0.438 0.427 0.422 0.429 0.440 0.445 0.443 0.445 0.450 0.416 0.378 0.332 0.334 0.397 0.436 0.456 0.493 0.575 0.617 0.651 0.724 0.822 0.922 1.030 1.139 1.240 1.287 1.328 1.306 1.292 1.280 1.254 1.196 1.139 1.082 1.008 0.898 0.797 0.706 0.624 0.546 0.442 0.343 0.413 0.483 0.561 0.486 0.573 0.660 0.760 0.748 0.704 0.833 0.961 1.000 1.000 1.000 1.000 1.000 1.000 1.000 1.000 1.000 1.000 1.000 0.996 0.863 0.839 0.956 0.983 0.968 0.953
0.338 0.304 0.346 0.387 0.428 0.426 0.408 0.391 0.389 0.393 0.395 0.396 0.398 0.369 0.340 0.302 0.296 0.289 0.260 0.297 0.355 0.447 0.527 0.569 0.662 0.763 0.860 0.954 1.057 1.166 1.275 1.355 1.333 1.311 1.289 1.256 1.199 1.141 1.083 0.993 0.904 0.836 0.737 0.630 0.522 0.439 0.357 0.421 0.488 0.557 0.640 0.746 0.852 0.957 1.000 0.877 0.849 0.978 1.000 1.000 1.000 1.000 1.000 1.000 1.000 1.000 1.000 1.000 1.000 1.000 1.000 0.981 0.971 1.000 1.000 1.000 1.000
0.296 0.326 0.358 0.398 0.424 0.415 0.397 0.379 0.351 0.342 0.344 0.366 0.312 0.284 0.256 0.284 0.383 0.360 0.189 0.204 0.299 0.394 0.479 0.580 0.692 0.802 0.900 1.003 1.092 1.194 1.283 1.326 1.339 1.317 1.257 1.169 1.114 1.058 0.972 0.881 0.795 0.737 0.644 0.539 0.434 0.370 0.436 0.503 0.568 0.653 0.759 0.865 0.971 1.000 1.000 1.000 0.994 1.000 1.000 1.000 1.000 1.000 1.000 1.000 1.000 1.000 1.000 1.000 1.000 1.000 1.000 1.000 1.000 1.000 1.000 1.000 1.000
0.323 0.353 0.378 0.394 0.413 0.403 0.389 0.366 0.337 0.296 0.327 0.446 0.305 0.196 0.243 0.358 0.470 0.431 0.406 0.428 0.496 0.573 0.550 0.628 0.738 0.843 0.949 1.052 1.141 1.199 1.243 1.285 1.316 1.276 1.188 1.099 1.014 0.911 0.816 0.758 0.678 0.566 0.492 0.412 0.374 0.436 0.477 0.543 0.645 0.768 0.879 0.984 1.000 1.000 1.000 1.000 1.000 1.000 1.000 1.000 1.000 1.000 1.000 1.000 1.000 1.000 1.000 1.000 1.000 1.000 1.000 1.000 1.000 1.000 1.000 1.000 1.000
0.351 0.380 0.396 0.393 0.402 0.390 0.377 0.353 0.323 0.331 0.407 0.525 0.366 0.302 0.447 0.544 0.641 0.651 0.677 0.704 0.722 0.679 0.661 0.709 0.787 0.878 0.988 1.102 1.153 1.179 1.204 1.243 1.220 1.184 1.118 1.027 0.885 0.752 0.660 0.641 0.525 0.396 0.325 0.431 0.442 0.503 0.540 0.634 0.755 0.876 0.997 1.000 1.000 1.000 1.000 1.000 1.000 1.000 1.000 1.000 1.000 1.000 1.000 1.000 1.000 1.000 1.000 1.000 1.000 1.000 1.000 1.000 1.000 1.000 1.000 1.000 1.000
