in/test_suite/Manuel_C003_0001/C003_0001_C_S.asc
ncols    419
nrows    278
xllcorner    0
yllcorner    0
cellsize    10
NODATA_value    -9999
[rows 102 to 135 of 278, columns 0 to 75 of 419]
1.514 1.773 2.026 2.200 2.455 2.779 3.029 3.321 3.782 4.258 4.729 5.196 5.700 6.186 6.678 7.350 8.066 8.782 9.499 10.240 11.019 11.831 12.644 13.459 14.274 15.045 15.969 16.894 17.797 17.764 17.054 17.327 17.543 17.196 17.154 16.806 16.033 14.713 13.915 13.217 11.708 10.457 9.196 7.796 6.360 4.935 3.710 2.485 1.222 0.973 0.724 0.451 0.231 0.021 0.000 0.000 0.000 0.000 0.000 0.000 0.000 0.000 0.000 0.000 0.000 0.000 0.000 0.000 0.000 0.000 0.000 0.000 0.000 0.000 0.000 0.000
1.802 2.061 2.225 2.349 2.620 3.015 3.371 3.671 4.141 4.596 4.986 5.464 6.046 6.548 7.054 7.721 8.423 9.095 9.795 10.569 11.352 12.115 12.873 13.697 14.532 15.325 16.153 17.132 17.925 18.133 17.423 17.760 17.895 17.910 17.931 17.952 17.043 15.481 14.737 13.987 12.592 11.381 10.504 9.119 7.493 5.964 4.601 3.452 2.137 0.469 0.219 0.167 0.179 0.009 0.000 0.000 0.000 0.000 0.000 0.000 0.000 0.000 0.000 0.000 0.000 0.000 0.000 0.000 0.000 0.000 0.000 0.000 0.000 0.000 0.000 0.000
2.090 2.238 2.368 2.497 2.790 3.235 3.680 4.032 4.474 4.857 5.242 5.732 6.369 6.925 7.431 8.109 8.738 9.377 10.086 10.869 11.627 12.385 13.142 13.909 14.765 15.546 16.185 16.800 17.258 17.717 17.835 17.922 17.901 17.881 17.901 17.637 17.356 16.249 15.507 14.564 13.484 12.304 11.334 10.232 8.625 7.104 5.693 4.508 3.141 1.191 0.199 0.154 0.109 0.004 0.005 0.000 0.000 0.000 0.000 0.000 0.000 0.000 0.000 0.000 0.000 0.000 0.000 0.000 0.000 0.000 0.000 0.000 0.000 0.000 0.000 0.000
2.495 2.628 2.735 2.850 3.163 3.589 4.016 4.408 4.791 5.161 5.530 6.068 6.749 7.295 7.815 8.436 9.051 9.666 10.372 11.130 11.888 12.646 13.416 14.203 14.999 15.766 16.290 16.842 17.293 17.699 17.971 18.216 18.168 18.098 17.916 17.587 17.258 16.879 16.139 15.156 14.174 13.118 12.003 10.900 9.758 8.357 6.999 5.640 4.147 2.480 1.380 0.905 0.692 0.016 0.213 0.200 0.142 0.032 0.000 0.000 0.000 0.000 0.000 0.000 0.000 0.000 0.000 0.000 0.000 0.000 0.000 0.000 0.000 0.000 0.000 0.000
2.966 3.125 3.263 3.404 3.726 4.126 4.488 4.827 5.279 5.653 6.020 6.501 7.128 7.664 8.186 8.827 9.436 10.036 10.661 11.410 12.167 12.900 13.660 14.455 15.250 15.847 16.296 16.858 17.467 17.710 17.968 18.443 18.568 18.222 18.095 18.032 17.618 17.136 17.157 16.304 15.072 14.019 13.052 11.926 10.663 9.694 8.333 6.953 5.446 3.804 2.759 1.876 0.647 0.029 0.237 0.310 0.212 0.114 0.017 0.000 0.000 0.000 0.000 0.000 0.000 0.000 0.000 0.000 0.000 0.000 0.000 0.000 0.000 0.000 0.000 0.000
3.278 3.501 3.781 3.958 4.295 4.606 4.899 5.246 5.698 6.143 6.509 7.001 7.531 8.026 8.558 9.209 9.831 10.405 11.036 11.704 12.431 13.142 13.854 14.623 15.217 15.780 16.303 16.855 17.274 17.692 17.965 18.341 18.518 18.346 18.241 18.139 17.843 17.394 17.415 17.138 15.797 14.779 13.994 12.829 11.573 10.699 9.640 8.134 6.628 5.122 3.961 2.851 1.022 0.041 0.384 0.431 0.102 0.004 0.000 0.000 0.000 0.000 0.000 0.000 0.000 0.000 0.000 0.000 0.000 0.000 0.000 0.000 0.000 0.000 0.000 0.000
3.685 3.954 4.223 4.492 4.771 5.049 5.327 5.665 6.115 6.564 6.999 7.476 7.937 8.397 8.929 9.562 10.178 10.774 11.410 12.033 12.659 13.371 14.083 14.691 15.241 15.790 16.326 16.754 17.155 17.557 17.882 18.036 18.191 18.356 18.251 18.065 17.879 17.651 17.327 16.974 16.523 15.556 14.878 13.707 12.486 11.609 10.568 9.159 7.664 6.263 4.937 3.804 1.953 0.645 0.607 0.605 0.172 0.039 0.031 0.023 0.000 0.000 0.000 0.000 0.000 0.000 0.000 0.000 0.000 0.000 0.000 0.000 0.000 0.000 0.000 0.000
4.332 4.583 4.852 5.109 5.365 5.633 5.898 6.203 6.627 7.068 7.481 7.947 8.400 8.853 9.319 9.924 10.534 11.144 11.741 12.348 12.957 13.585 14.224 14.826 15.378 15.907 16.397 16.836 17.250 17.581 17.851 18.075 18.230 18.331 18.490 18.322 18.105 17.811 17.548 17.161 16.804 16.440 15.762 14.558 13.417 12.514 11.445 10.098 8.808 7.447 6.101 4.735 3.508 2.294 1.080 0.740 0.135 0.099 0.159 0.098 0.000 0.000 0.000 0.000 0.000 0.000 0.000 0.000 0.000 0.000 0.000 0.000 0.000 0.000 0.000 0.000
4.984 5.222 5.438 5.700 5.962 6.231 6.483 6.796 7.192 7.585 7.959 8.448 8.931 9.367 9.831 10.364 10.973 11.524 12.112 12.716 13.302 13.815 14.364 14.961 15.524 15.978 16.468 16.903 17.276 17.540 17.808 18.054 18.207 18.297 18.462 18.610 18.254 17.975 17.865 17.614 17.334 17.055 16.644 15.526 14.474 13.422 12.322 11.232 10.179 8.929 7.492 5.522 4.202 3.057 1.902 0.728 0.099 0.107 0.166 0.090 0.000 0.000 0.000 0.000 0.000 0.000 0.000 0.000 0.000 0.000 0.000 0.000 0.000 0.000 0.000 0.000
5.623 5.805 5.987 6.212 6.496 6.798 7.067 7.389 7.762 8.076 8.438 8.934 9.417 9.873 10.343 10.863 11.347 11.899 12.489 13.056 13.571 14.083 14.578 15.111 15.686 16.126 16.539 16.934 17.283 17.510 17.767 18.039 18.179 18.263 18.388 18.419 18.403 18.140 17.958 17.717 17.470 17.220 17.044 16.226 15.209 14.194 13.204 12.192 11.180 10.170 8.174 6.245 4.850 3.545 2.371 1.197 0.063 0.031 0.038 0.046 0.000 0.000 0.000 0.000 0.000 0.000 0.000 0.000 0.000 0.000 0.000 0.000 0.000 0.000 0.000 0.000
6.229 6.409 6.589 6.787 7.063 7.362 7.636 7.955 8.317 8.626 8.923 9.398 9.879 10.360 10.839 11.310 11.780 12.273 12.830 13.351 13.842 14.351 14.833 15.311 15.847 16.277 16.607 16.951 17.291 17.520 17.756 18.025 18.153 18.243 18.295 18.309 18.324 18.268 18.011 17.753 17.496 17.371 17.194 16.530 15.724 15.106 14.032 12.711 11.702 10.663 8.825 6.967 5.459 4.128 2.995 1.811 0.419 0.175 0.162 0.135 0.000 0.000 0.000 0.000 0.000 0.000 0.000 0.000 0.000 0.000 0.000 0.000 0.000 0.000 0.000 0.000
6.832 7.027 7.229 7.441 7.653 7.927 8.233 8.541 8.872 9.190 9.559 9.937 10.413 10.882 11.327 11.786 12.254 12.678 13.127 13.646 14.136 14.592 15.072 15.551 16.021 16.347 16.676 17.005 17.302 17.538 17.774 18.011 18.141 18.243 18.346 18.388 18.355 18.357 18.301 18.043 17.799 17.554 17.344 16.783 16.518 16.019 14.898 13.373 12.228 11.139 9.301 7.554 5.966 4.666 3.590 2.206 0.790 0.559 0.352 0.121 0.000 0.000 0.000 0.000 0.000 0.000 0.000 0.000 0.000 0.000 0.000 0.000 0.000 0.000 0.000 0.000
7.436 7.620 7.809 8.027 8.246 8.480 8.785 9.100 9.420 9.788 10.164 10.540 10.944 11.402 11.846 12.278 12.688 13.087 13.486 13.941 14.389 14.837 15.290 15.746 16.122 16.409 16.730 17.083 17.373 17.570 17.805 18.014 18.134 18.237 18.341 18.393 18.366 18.374 18.409 18.277 18.046 17.815 17.573 17.346 17.117 16.852 15.610 13.959 12.812 11.615 9.875 8.162 6.473 5.178 3.796 2.514 1.213 0.914 0.466 0.107 0.000 0.000 0.000 0.000 0.000 0.000 0.000 0.000 0.000 0.000 0.000 0.000 0.000 0.000 0.000 0.000
8.024 8.207 8.389 8.584 8.812 9.047 9.290 9.613 9.949 10.313 10.685 11.052 11.457 11.922 12.364 12.681 13.092 13.492 13.882 14.251 14.704 15.146 15.507 15.847 16.222 16.505 16.817 17.195 17.472 17.634 17.808 18.004 18.120 18.225 18.273 18.321 18.369 18.363 18.314 18.265 18.112 17.936 17.713 17.321 17.093 16.928 16.124 14.544 13.430 12.052 10.482 8.770 7.057 5.369 3.987 2.713 1.571 1.059 0.620 0.182 0.000 0.000 0.000 0.000 0.000 0.000 0.000 0.000 0.000 0.000 0.000 0.000 0.000 0.000 0.000 0.000
8.595 8.767 8.957 9.162 9.378 9.614 9.846 10.141 10.478 10.843 11.197 11.557 11.969 12.434 12.750 13.053 13.471 13.876 14.196 14.574 15.045 15.386 15.600 15.949 16.317 16.636 16.970 17.307 17.571 17.696 17.819 17.994 18.114 18.277 18.392 18.426 18.384 18.370 18.312 18.254 18.215 18.120 17.879 17.436 17.141 16.998 16.142 15.178 13.743 12.358 10.974 9.355 7.588 5.822 4.178 3.068 2.081 1.094 0.644 0.351 0.093 0.000 0.000 0.000 0.000 0.000 0.000 0.000 0.000 0.000 0.000 0.000 0.000 0.000 0.000 0.000
9.180 9.321 9.529 9.738 9.948 10.168 10.392 10.689 11.009 11.360 11.711 12.063 12.460 12.786 13.111 13.425 13.821 14.168 14.510 14.898 15.230 15.473 15.692 16.051 16.352 16.669 17.015 17.356 17.546 17.681 17.816 17.969 18.125 18.299 18.473 18.485 18.335 18.336 18.376 18.341 18.313 18.285 18.044 17.686 17.327 17.067 16.269 15.731 15.088 13.640 11.939 9.945 8.127 6.360 4.569 2.439 1.572 0.705 0.647 0.419 0.191 0.012 0.000 0.000 0.000 0.000 0.000 0.000 0.000 0.000 0.000 0.000 0.000 0.000 0.000 0.000
9.715 9.851 10.045 10.255 10.481 10.711 10.937 11.240 11.551 11.874 12.225 12.559 12.844 13.166 13.489 13.775 14.173 14.510 14.848 15.065 15.304 15.544 15.783 16.068 16.355 16.642 16.951 17.227 17.408 17.539 17.710 17.913 17.984 18.151 18.263 18.342 18.285 18.299 18.351 18.270 18.255 18.244 18.153 17.822 17.478 17.201 16.607 16.107 15.607 14.614 12.644 10.673 8.694 6.915 5.048 1.955 0.127 0.157 0.186 0.162 0.021 0.092 0.011 0.000 0.000 0.000 0.000 0.000 0.000 0.000 0.000 0.000 0.000 0.000 0.000 0.000
10.240 10.381 10.575 10.757 10.993 11.228 11.466 11.770 12.090 12.409 12.713 12.998 13.283 13.572 13.832 14.086 14.594 14.972 15.128 15.255 15.429 15.661 15.820 16.165 16.446 16.689 16.853 17.099 17.271 17.397 17.663 17.858 17.928 17.981 18.051 18.122 18.191 18.262 18.304 18.201 18.137 18.150 18.046 17.841 17.588 17.431 16.622 16.025 15.216 14.287 13.002 11.031 9.248 7.475 5.527 2.559 0.824 0.583 0.532 0.341 0.102 0.164 0.083 0.002 0.000 0.000 0.000 0.000 0.000 0.000 0.000 0.000 0.000 0.000 0.000 0.000
10.761 10.910 11.083 11.256 11.444 11.683 11.932 12.183 12.495 12.772 13.010 13.280 13.575 13.858 14.125 14.396 14.904 15.084 15.219 15.363 15.518 15.690 15.861 16.211 16.476 16.650 16.823 16.987 17.129 17.253 17.569 17.802 17.850 17.897 17.947 18.007 18.005 18.197 18.258 18.165 18.089 18.055 17.939 17.853 17.819 17.622 16.814 16.058 15.166 14.168 13.143 11.813 9.992 8.171 6.218 3.804 2.177 1.571 1.212 0.827 0.442 0.235 0.155 0.074 0.000 0.000 0.000 0.000 0.000 0.000 0.000 0.000 0.000 0.000 0.000 0.000
11.247 11.373 11.549 11.726 11.894 12.149 12.398 12.649 12.859 13.094 13.330 13.566 13.831 14.103 14.381 14.676 14.923 15.089 15.161 15.321 15.513 15.706 15.902 16.162 16.326 16.455 16.629 16.812 16.984 17.121 17.430 17.577 17.637 17.696 17.762 17.821 17.819 18.024 18.152 18.097 18.036 17.974 17.957 17.957 17.943 17.814 16.927 16.184 15.710 14.688 13.348 12.639 11.364 9.217 6.891 5.048 3.530 2.380 0.964 0.515 0.191 0.272 0.134 0.062 0.000 0.000 0.000 0.000 0.000 0.000 0.000 0.000 0.000 0.000 0.000 0.000
11.688 11.819 11.996 12.161 12.317 12.594 12.865 13.065 13.251 13.444 13.679 13.842 14.173 14.465 14.674 14.734 14.939 15.095 15.182 15.295 15.490 15.684 15.850 16.029 16.187 16.297 16.444 16.629 16.800 16.965 17.147 17.287 17.349 17.418 17.501 17.583 17.641 17.748 17.797 17.841 17.779 17.790 17.703 17.672 17.685 17.639 17.028 16.309 15.721 14.893 13.553 12.891 12.087 9.752 7.480 5.805 4.274 2.847 1.419 0.005 0.214 0.320 0.103 0.000 0.000 0.000 0.000 0.000 0.000 0.000 0.000 0.000 0.000 0.000 0.000 0.000
12.130 12.266 12.428 12.584 12.740 13.025 13.190 13.367 13.562 13.758 13.946 14.109 14.452 14.722 14.747 14.816 14.988 15.120 15.224 15.329 15.452 15.623 15.779 15.904 16.051 16.189 16.301 16.446 16.603 16.728 16.863 16.996 17.086 17.200 17.285 17.364 17.409 17.467 17.508 17.549 17.605 17.627 17.531 17.410 17.429 17.353 16.901 16.277 15.461 14.645 13.758 12.966 11.989 10.141 8.068 6.514 4.970 3.478 2.022 0.509 0.288 0.368 0.179 0.034 0.000 0.000 0.000 0.000 0.000 0.000 0.000 0.000 0.000 0.000 0.000 0.000
12.571 12.684 12.843 13.003 13.162 13.314 13.467 13.619 13.801 13.996 14.192 14.376 14.602 14.711 14.819 14.898 15.016 15.137 15.252 15.358 15.443 15.554 15.707 15.831 15.945 16.083 16.192 16.278 16.380 16.503 16.626 16.738 16.853 16.968 17.083 17.120 17.156 17.231 17.288 17.350 17.413 17.464 17.371 17.276 17.182 17.067 16.827 16.736 16.179 15.298 14.091 12.930 11.891 10.051 8.610 7.120 5.592 3.950 2.446 1.013 0.738 0.420 0.290 0.161 0.017 0.000 0.000 0.000 0.000 0.000 0.000 0.000 0.000 0.000 0.000 0.000
12.997 13.078 13.197 13.352 13.484 13.623 13.773 13.924 14.077 14.263 14.455 14.574 14.659 14.760 14.861 14.916 15.014 15.138 15.271 15.362 15.447 15.531 15.632 15.746 15.860 15.976 16.063 16.128 16.193 16.302 16.369 16.474 16.611 16.726 16.827 16.864 16.903 16.967 17.013 17.082 17.151 17.218 17.147 17.063 16.979 16.846 16.792 16.738 16.684 15.689 14.456 13.189 11.819 10.116 8.711 7.588 5.896 3.971 2.740 1.518 0.971 0.422 0.145 0.016 0.000 0.000 0.000 0.000 0.000 0.000 0.000 0.000 0.000 0.000 0.000 0.000
13.430 13.510 13.579 13.674 13.806 13.943 14.079 14.235 14.391 14.544 14.645 14.720 14.791 14.879 14.920 14.959 15.012 15.134 15.249 15.365 15.453 15.562 15.597 15.618 15.735 15.928 15.928 15.992 16.056 16.046 16.089 16.200 16.349 16.468 16.565 16.602 16.633 16.663 16.712 16.780 16.847 16.913 16.831 16.745 16.689 16.540 16.295 16.206 15.703 15.200 14.101 12.868 11.637 10.182 8.812 7.483 5.917 4.010 2.805 1.567 1.003 0.474 0.122 0.000 0.000 0.000 0.000 0.000 0.000 0.000 0.000 0.000 0.000 0.000 0.000 0.000
13.873 13.937 13.979 14.022 14.128 14.250 14.363 14.492 14.649 14.725 14.790 14.865 14.936 15.008 15.052 15.083 15.122 15.206 15.309 15.412 15.491 15.631 15.652 15.555 15.690 15.918 15.878 15.861 15.843 15.826 15.809 15.921 16.058 16.196 16.303 16.328 16.341 16.359 16.411 16.477 16.542 16.605 16.517 16.460 16.407 16.245 15.963 15.607 15.046 14.486 13.901 12.676 11.392 10.108 8.648 7.137 5.627 4.075 2.314 1.042 0.975 0.543 0.320 0.097 0.000 0.000 0.000 0.000 0.000 0.000 0.000 0.000 0.000 0.000 0.000 0.000
14.302 14.306 14.351 14.396 14.435 14.527 14.643 14.759 14.829 14.890 14.951 15.006 15.082 15.153 15.224 15.274 15.327 15.404 15.495 15.538 15.586 15.699 15.706 15.713 15.728 15.902 15.851 15.841 15.889 15.852 15.829 15.839 15.956 16.073 16.114 16.148 16.143 16.139 16.157 16.206 16.256 16.295 16.238 16.183 16.127 15.950 15.669 15.388 14.999 14.347 13.686 13.203 11.919 10.185 8.523 6.984 5.450 3.554 1.684 0.518 0.474 0.495 0.298 0.100 0.012 0.000 0.000 0.000 0.000 0.000 0.000 0.000 0.000 0.000 0.000 0.000
14.699 14.694 14.702 14.765 14.803 14.786 14.889 14.967 15.044 15.112 15.198 15.245 15.123 15.200 15.321 15.470 15.532 15.610 15.620 15.627 15.681 15.791 15.878 15.892 15.907 15.883 15.823 15.823 15.937 15.987 15.985 15.984 16.007 15.992 15.983 16.131 16.147 16.143 16.139 16.163 16.182 16.113 16.120 16.054 15.981 15.753 15.459 15.171 14.731 14.115 13.471 13.024 11.924 10.075 8.429 6.866 4.997 3.041 1.093 0.029 0.054 0.079 0.075 0.020 0.044 0.008 0.000 0.000 0.000 0.000 0.000 0.000 0.000 0.000 0.000 0.000
15.097 15.092 15.105 15.138 15.171 15.162 15.201 15.268 15.334 15.367 15.494 15.523 15.331 15.350 15.475 15.601 15.736 15.734 15.729 15.724 15.776 15.885 15.994 16.070 16.029 15.912 15.795 15.805 16.110 16.145 16.075 16.078 16.201 15.848 15.851 16.000 16.156 16.155 16.150 16.095 15.988 15.925 15.947 15.934 15.852 15.610 15.286 14.816 14.308 13.800 13.251 12.687 11.573 9.966 8.361 6.871 5.382 3.460 1.598 0.584 0.469 0.437 0.239 0.056 0.076 0.040 0.003 0.000 0.000 0.000 0.000 0.000 0.000 0.000 0.000 0.000
15.506 15.498 15.519 15.537 15.551 15.563 15.604 15.660 15.669 15.664 15.791 15.800 15.796 15.874 15.992 16.105 16.096 16.216 16.187 16.172 16.214 16.292 16.373 16.405 16.332 16.182 16.031 16.016 16.421 16.419 16.210 16.343 16.445 15.953 15.722 15.878 16.033 16.174 16.101 15.955 15.808 15.736 15.747 15.753 15.723 15.466 15.111 14.743 14.211 13.648 12.944 12.341 11.169 9.726 8.333 6.848 5.363 3.996 2.222 1.300 1.067 0.756 0.528 0.275 0.108 0.072 0.036 0.000 0.000 0.000 0.000 0.000 0.000 0.000 0.000 0.000
15.969 15.789 15.802 15.852 15.927 15.963 16.007 15.991 15.956 15.961 16.088 16.282 16.320 16.403 16.484 16.460 16.461 16.606 16.728 16.745 16.790 16.855 16.875 16.868 16.861 16.772 16.718 16.673 16.731 16.718 16.685 16.651 16.689 16.331 16.261 16.335 16.448 16.417 16.390 16.204 16.018 15.860 15.809 15.776 15.727 15.406 15.018 14.630 14.158 13.428 12.723 12.018 10.864 9.528 8.191 6.781 5.522 4.266 2.845 2.014 1.374 0.558 0.222 0.079 0.116 0.049 0.017 0.000 0.000 0.000 0.000 0.000 0.000 0.000 0.000 0.000
16.431 16.251 16.190 16.250 16.309 16.369 16.338 16.290 16.252 16.266 16.461 16.657 16.844 16.883 16.851 16.820 16.826 16.998 17.190 17.318 17.365 17.522 17.245 17.244 17.259 17.443 17.350 17.313 17.323 17.106 17.085 17.064 17.113 16.977 16.916 16.941 16.849 16.725 16.754 16.724 16.570 16.417 16.264 16.187 15.950 15.695 15.354 14.894 14.340 13.732 12.996 12.236 11.072 9.709 8.343 7.025 5.785 4.519 3.204 2.271 1.631 0.802 0.065 0.112 0.137 0.040 0.000 0.000 0.000 0.000 0.000 0.000 0.000 0.000 0.000 0.000
16.893 16.793 16.779 16.855 16.914 16.894 16.981 16.946 16.909 17.003 17.196 17.364 17.500 17.553 17.491 17.430 17.452 17.613 17.772 17.932 18.046 18.224 17.906 17.659 18.031 18.180 17.966 17.961 18.095 17.659 17.352 17.636 17.879 17.622 17.571 17.694 17.268 17.033 17.073 17.128 17.094 16.944 16.845 16.409 16.172 15.916 15.753 15.157 14.582 14.008 13.279 12.508 11.313 10.019 8.706 7.394 6.081 4.855 3.815 2.775 1.888 1.198 0.659 0.145 0.159 0.085 0.020 0.000 0.000 0.000 0.000 0.000 0.000 0.000 0.000 0.000
17.433 17.371 17.366 17.436 17.429 17.408 17.503 17.643 17.687 17.793 18.010 18.156 18.256 18.327 18.358 18.350 18.401 18.567 18.721 18.780 18.811 18.926 18.686 18.700 18.803 18.916 18.793 18.749 18.867 18.391 18.212 18.446 18.645 18.372 18.338 18.477 18.006 17.499 17.487 17.495 17.513 17.528 17.536 17.014 16.395 16.372 16.314 15.656 15.069 14.317 13.549 12.780 11.571 10.391 9.186 7.866 6.554 4.919 3.786 2.803 2.072 1.401 0.909 0.417 0.168 0.111 0.053 0.000 0.000 0.000 0.000 0.000 0.000 0.000 0.000 0.000
