in/test_suite/Manuel_C003_0001/C003_0001_U_S.asc
ncols    419
nrows    278
xllcorner    0
yllcorner    0
cellsize    10
NODATA_value    -9999
[rows 34 to 67 of 278, columns 308 to 384 of 419]
0.687 0.574 0.484 0.394 0.298 0.195 0.131 0.275 0.389 0.430 0.474 0.584 0.702 0.788 0.850 0.850 0.846 0.825 0.850 0.850 0.809 0.850 0.850 0.850 0.821 0.834 0.847 0.850 0.850 0.850 0.850 0.850 0.743 0.631 0.538 0.552 0.566 0.581 0.596 0.657 0.783 0.850 0.850 0.781 0.850 0.850 0.850 0.850 0.850 0.850 0.837 0.782 0.796 0.810 0.772 0.546 0.536 0.790 0.719 0.494 0.704 0.850 0.667 0.617 0.850 0.850 0.850 0.850 0.850 0.850 0.850 0.850 0.850 0.850 0.850 0.850 0.850
0.642 0.554 0.422 0.338 0.296 0.278 0.227 0.371 0.429 0.417 0.467 0.567 0.629 0.716 0.797 0.825 0.664 0.663 0.846 0.788 0.626 0.784 0.850 0.787 0.684 0.615 0.628 0.805 0.470 0.475 0.505 0.572 0.534 0.430 0.445 0.312 0.326 0.341 0.356 0.488 0.629 0.770 0.768 0.662 0.760 0.850 0.850 0.850 0.850 0.823 0.711 0.598 0.557 0.652 0.667 0.292 0.310 0.716 0.494 0.239 0.478 0.744 0.413 0.391 0.607 0.636 0.664 0.693 0.865 0.864 0.860 0.856 0.863 0.850 0.850 0.850 1.171
0.700 0.597 0.359 0.298 0.308 0.317 0.323 0.366 0.386 0.403 0.454 0.437 0.419 0.483 0.547 0.549 0.481 0.501 0.601 0.606 0.444 0.622 0.709 0.648 0.548 0.448 0.597 0.803 0.430 0.092 0.104 0.168 0.235 0.346 0.625 0.336 0.086 0.100 0.115 0.135 0.276 0.423 0.572 0.542 0.635 0.616 0.611 0.628 0.706 0.637 0.530 0.424 0.445 0.604 0.583 0.166 0.264 0.732 0.454 0.015 0.469 0.692 0.238 0.098 0.127 0.156 0.184 0.475 0.911 0.934 0.930 1.054 1.243 1.303 1.275 1.320 1.589
0.757 0.639 0.479 0.352 0.347 0.354 0.373 0.308 0.330 0.376 0.370 0.345 0.319 0.342 0.325 0.294 0.263 0.243 0.257 0.278 0.278 0.348 0.402 0.456 0.400 0.519 0.637 0.802 0.470 0.367 0.612 0.624 0.508 0.544 0.805 0.474 0.348 0.305 0.274 0.239 0.151 0.267 0.382 0.453 0.417 0.383 0.348 0.415 0.594 0.501 0.311 0.359 0.466 0.572 0.499 0.505 0.527 0.749 0.497 0.458 0.472 0.641 0.320 0.357 0.377 0.346 0.333 0.551 0.957 0.980 1.149 1.313 1.505 1.717 1.806 1.864 2.092
0.777 0.705 0.597 0.490 0.398 0.477 0.484 0.304 0.304 0.464 0.420 0.334 0.371 0.462 0.553 0.522 0.387 0.432 0.477 0.462 0.372 0.321 0.353 0.389 0.406 0.528 0.655 0.778 0.697 0.623 0.919 0.975 0.760 0.819 0.990 0.946 0.891 0.837 0.782 0.656 0.531 0.470 0.519 0.466 0.424 0.389 0.374 0.375 0.483 0.367 0.354 0.394 0.500 0.603 0.692 0.740 0.784 0.824 0.834 0.815 0.795 0.763 0.623 0.679 0.862 0.879 0.875 0.871 1.005 1.158 1.353 1.572 1.780 2.042 2.303 2.408 2.639
0.703 0.590 0.418 0.357 0.484 0.603 0.595 0.414 0.400 0.552 0.491 0.363 0.339 0.447 0.555 0.629 0.462 0.526 0.656 0.623 0.534 0.446 0.414 0.461 0.475 0.480 0.602 0.723 0.843 0.880 0.989 1.058 1.012 1.083 1.039 0.997 0.974 0.945 0.903 0.817 0.714 0.606 0.531 0.478 0.436 0.418 0.415 0.417 0.424 0.451 0.470 0.489 0.534 0.615 0.705 0.802 0.842 0.876 0.926 0.930 0.938 0.958 0.926 1.001 1.030 1.142 1.158 1.178 1.233 1.351 1.550 1.795 2.060 2.327 2.594 2.921 3.168
0.653 0.520 0.367 0.440 0.567 0.693 0.705 0.521 0.526 0.644 0.550 0.416 0.283 0.286 0.407 0.509 0.537 0.561 0.488 0.724 0.673 0.527 0.462 0.533 0.544 0.527 0.544 0.665 0.785 0.887 0.963 1.036 1.112 1.120 1.075 1.031 0.981 0.938 0.895 0.854 0.755 0.643 0.558 0.491 0.476 0.466 0.456 0.463 0.501 0.555 0.581 0.593 0.591 0.628 0.719 0.812 0.894 0.929 0.980 1.034 1.066 1.091 1.117 1.147 1.162 1.280 1.399 1.457 1.513 1.567 1.764 2.028 2.293 2.559 2.871 3.226 3.623
0.603 0.558 0.567 0.560 0.647 0.689 0.693 0.628 0.651 0.644 0.623 0.488 0.353 0.221 0.261 0.361 0.473 0.394 0.339 0.575 0.738 0.533 0.485 0.587 0.601 0.581 0.573 0.604 0.709 0.810 0.905 0.984 1.074 1.129 1.120 1.062 0.992 0.930 0.888 0.839 0.789 0.681 0.597 0.537 0.508 0.498 0.501 0.540 0.579 0.634 0.675 0.678 0.676 0.675 0.725 0.816 0.905 0.982 1.037 1.093 1.148 1.180 1.223 1.267 1.296 1.423 1.556 1.673 1.731 1.812 1.955 2.211 2.479 2.827 3.171 3.531 3.939
0.704 0.758 0.767 0.759 0.670 0.651 0.652 0.652 0.643 0.622 0.601 0.567 0.431 0.300 0.168 0.249 0.406 0.277 0.190 0.338 0.456 0.538 0.509 0.580 0.638 0.636 0.625 0.601 0.632 0.732 0.835 0.946 1.036 1.089 1.140 1.086 1.015 0.944 0.868 0.819 0.770 0.722 0.663 0.603 0.543 0.538 0.578 0.617 0.657 0.684 0.703 0.752 0.751 0.704 0.682 0.745 0.839 0.943 1.038 1.097 1.162 1.221 1.271 1.321 1.392 1.522 1.663 1.805 1.974 2.068 2.215 2.379 2.738 3.099 3.460 3.832 4.221
0.857 0.920 0.966 0.865 0.757 0.650 0.642 0.640 0.643 0.632 0.563 0.497 0.573 0.437 0.317 0.207 0.339 0.190 0.178 0.238 0.337 0.433 0.499 0.569 0.626 0.664 0.648 0.630 0.611 0.665 0.777 0.890 0.998 1.064 1.116 1.113 1.050 0.953 0.856 0.784 0.738 0.710 0.699 0.641 0.606 0.593 0.626 0.668 0.694 0.709 0.730 0.782 0.772 0.716 0.697 0.683 0.774 0.878 0.992 1.088 1.165 1.222 1.269 1.344 1.435 1.542 1.676 1.906 2.147 2.323 2.476 2.659 2.945 3.310 3.693 4.108 4.503
0.738 0.827 1.000 0.958 0.850 0.742 0.631 0.629 0.631 0.618 0.438 0.389 0.534 0.553 0.458 0.364 0.269 0.279 0.289 0.300 0.362 0.427 0.491 0.558 0.591 0.596 0.602 0.583 0.569 0.610 0.709 0.823 0.941 1.045 1.093 1.082 1.033 0.940 0.845 0.752 0.721 0.695 0.694 0.705 0.692 0.679 0.666 0.687 0.708 0.729 0.752 0.733 0.733 0.728 0.700 0.661 0.713 0.814 0.937 1.069 1.168 1.223 1.321 1.385 1.477 1.585 1.752 1.992 2.238 2.498 2.751 2.940 3.217 3.528 3.948 4.367 4.782
0.642 0.840 1.000 1.000 0.946 0.838 0.720 0.617 0.634 0.613 0.337 0.281 0.337 0.381 0.360 0.285 0.341 0.399 0.409 0.405 0.375 0.420 0.484 0.585 0.520 0.526 0.532 0.542 0.530 0.576 0.648 0.750 0.875 0.998 1.056 1.008 0.959 0.906 0.813 0.725 0.701 0.679 0.696 0.743 0.779 0.766 0.726 0.672 0.695 0.710 0.699 0.682 0.683 0.691 0.674 0.640 0.692 0.755 0.887 1.020 1.152 1.283 1.393 1.448 1.526 1.680 1.849 2.035 2.302 2.605 2.965 3.221 3.483 3.763 4.118 4.538 4.940
0.724 0.856 1.000 1.000 1.000 0.934 0.815 0.712 0.647 0.608 0.336 0.225 0.243 0.271 0.306 0.355 0.413 0.478 0.511 0.481 0.451 0.421 0.521 0.635 0.506 0.453 0.578 0.584 0.492 0.538 0.586 0.590 0.701 0.821 0.910 0.911 0.864 0.828 0.783 0.700 0.676 0.685 0.708 0.757 0.823 0.823 0.782 0.722 0.668 0.653 0.641 0.629 0.626 0.626 0.625 0.620 0.682 0.746 0.821 0.954 1.115 1.334 1.464 1.528 1.630 1.774 1.945 2.150 2.409 2.711 3.075 3.454 3.734 4.019 4.342 4.687 5.086
0.831 0.959 1.000 1.000 1.000 1.000 0.931 0.834 0.736 0.628 0.517 0.407 0.303 0.341 0.397 0.433 0.484 0.533 0.560 0.557 0.528 0.431 0.582 0.681 0.562 0.558 0.646 0.638 0.529 0.476 0.523 0.525 0.520 0.633 0.718 0.774 0.777 0.748 0.714 0.674 0.682 0.697 0.720 0.765 0.807 0.848 0.837 0.772 0.699 0.643 0.629 0.606 0.596 0.593 0.590 0.597 0.647 0.715 0.790 0.919 1.080 1.304 1.536 1.636 1.741 1.877 2.066 2.288 2.545 2.822 3.203 3.588 3.972 4.273 4.574 4.876 5.232
0.976 1.000 1.000 1.000 1.000 1.000 1.000 0.920 0.824 0.746 0.670 0.562 0.464 0.432 0.488 0.522 0.547 0.573 0.599 0.612 0.528 0.419 0.589 0.746 0.750 0.746 0.742 0.701 0.606 0.500 0.458 0.452 0.441 0.444 0.526 0.599 0.673 0.668 0.643 0.672 0.693 0.708 0.729 0.748 0.790 0.832 0.871 0.813 0.741 0.669 0.610 0.585 0.575 0.570 0.571 0.579 0.605 0.676 0.793 0.911 1.045 1.276 1.512 1.743 1.852 2.027 2.215 2.427 2.686 2.990 3.323 3.709 4.092 4.488 4.791 5.095 5.412
1.000 1.000 1.000 1.000 1.000 1.000 1.000 1.000 0.909 0.834 0.790 0.721 0.633 0.590 0.577 0.620 0.643 0.618 0.632 0.579 0.504 0.407 0.582 0.689 0.655 0.669 0.707 0.763 0.683 0.577 0.489 0.443 0.425 0.406 0.384 0.453 0.522 0.592 0.628 0.661 0.694 0.717 0.734 0.751 0.773 0.824 0.864 0.847 0.783 0.700 0.617 0.563 0.556 0.554 0.553 0.562 0.597 0.710 0.833 0.948 1.092 1.271 1.505 1.739 1.991 2.182 2.373 2.570 2.870 3.176 3.482 3.820 4.195 4.594 4.994 5.315 5.650
1.000 1.000 1.000 1.000 1.000 1.000 1.000 1.000 0.994 0.922 0.894 0.872 0.802 0.762 0.726 0.721 0.739 0.697 0.597 0.544 0.468 0.433 0.545 0.640 0.591 0.627 0.669 0.711 0.761 0.677 0.595 0.513 0.470 0.422 0.375 0.366 0.438 0.512 0.571 0.604 0.659 0.766 0.822 0.833 0.818 0.822 0.857 0.838 0.794 0.714 0.632 0.534 0.510 0.514 0.518 0.556 0.602 0.723 0.886 1.040 1.199 1.325 1.517 1.801 2.065 2.299 2.503 2.749 3.030 3.335 3.642 3.952 4.299 4.700 5.116 5.515 5.853
1.000 1.000 1.000 1.000 1.000 1.000 1.000 1.000 1.000 0.920 0.918 0.915 0.933 0.906 0.890 0.861 0.808 0.706 0.604 0.509 0.491 0.512 0.533 0.591 0.672 0.782 0.859 0.895 0.825 0.787 0.704 0.619 0.544 0.491 0.439 0.410 0.358 0.431 0.491 0.574 0.642 0.753 0.890 0.901 0.881 0.862 0.844 0.800 0.756 0.709 0.603 0.469 0.406 0.393 0.452 0.538 0.607 0.735 0.941 1.149 1.305 1.439 1.616 1.869 2.131 2.392 2.681 2.928 3.210 3.486 3.797 4.109 4.420 4.809 5.227 5.644 6.039
1.000 1.000 1.000 1.000 1.000 1.000 1.000 0.998 0.887 0.775 0.695 0.735 0.891 0.749 0.726 0.728 0.748 0.695 0.594 0.551 0.551 0.574 0.596 0.689 0.799 0.909 1.000 0.958 0.891 0.859 0.809 0.715 0.643 0.588 0.565 0.557 0.387 0.351 0.441 0.536 0.625 0.737 0.843 0.949 0.945 0.878 0.765 0.723 0.682 0.661 0.538 0.407 0.345 0.310 0.364 0.458 0.554 0.765 0.984 1.203 1.424 1.602 1.779 1.956 2.214 2.496 2.817 3.108 3.370 3.636 3.925 4.237 4.545 4.899 5.308 5.733 6.199
1.000 1.000 1.000 1.000 1.000 1.000 1.000 1.000 0.906 0.781 0.676 0.702 0.840 0.697 0.606 0.621 0.637 0.652 0.647 0.628 0.620 0.629 0.716 0.813 0.924 1.000 1.000 1.000 0.956 0.918 0.874 0.812 0.742 0.722 0.713 0.696 0.526 0.448 0.481 0.568 0.630 0.676 0.784 0.892 0.943 0.786 0.679 0.638 0.621 0.616 0.481 0.346 0.399 0.375 0.197 0.287 0.413 0.663 0.905 1.125 1.391 1.717 1.896 2.102 2.322 2.601 2.924 3.230 3.520 3.787 4.072 4.361 4.669 5.027 5.401 5.845 6.316
1.000 1.000 1.000 1.000 1.000 1.000 1.000 1.000 1.000 0.921 0.852 0.783 0.789 0.702 0.634 0.581 0.596 0.653 0.711 0.705 0.703 0.745 0.838 0.938 1.000 1.000 1.000 1.000 1.000 0.965 0.922 0.879 0.830 0.839 0.848 0.846 0.769 0.692 0.614 0.628 0.610 0.636 0.704 0.735 0.717 0.693 0.594 0.582 0.576 0.571 0.437 0.447 0.478 0.440 0.271 0.146 0.272 0.532 0.812 1.049 1.325 1.707 2.028 2.253 2.479 2.706 2.998 3.303 3.644 3.938 4.220 4.502 4.794 5.168 5.562 5.958 6.432
1.000 1.000 1.000 1.000 1.000 1.000 1.000 1.000 0.966 0.880 0.827 0.775 0.738 0.675 0.614 0.564 0.634 0.687 0.740 0.790 0.810 0.857 0.956 1.000 1.000 1.000 1.000 1.000 1.000 1.000 0.957 0.794 0.708 0.689 0.744 0.860 0.700 0.642 0.673 0.621 0.590 0.619 0.680 0.508 0.491 0.483 0.574 0.563 0.552 0.556 0.574 0.576 0.582 0.518 0.372 0.225 0.131 0.402 0.683 0.964 1.258 1.640 2.022 2.324 2.553 2.808 3.068 3.375 3.720 4.071 4.366 4.648 4.950 5.305 5.702 6.100 6.515
1.000 1.000 1.000 1.000 1.000 1.000 1.000 0.959 0.905 0.817 0.724 0.700 0.664 0.599 0.564 0.621 0.705 0.782 0.831 0.875 0.917 0.969 1.000 1.000 1.000 1.000 0.974 0.820 0.835 0.851 0.860 0.696 0.616 0.628 0.796 0.890 0.696 0.662 0.784 0.716 0.571 0.694 0.754 0.394 0.277 0.403 0.530 0.612 0.625 0.696 0.820 0.824 0.753 0.622 0.481 0.334 0.218 0.221 0.507 0.794 1.155 1.540 1.926 2.328 2.654 2.909 3.164 3.452 3.804 4.155 4.507 4.817 5.134 5.450 5.814 6.222 6.630
1.000 1.000 1.000 1.000 1.000 1.000 0.952 0.898 0.844 0.763 0.731 0.628 0.591 0.567 0.621 0.678 0.764 0.854 0.900 0.946 0.992 1.000 1.000 1.000 1.000 1.000 0.958 0.702 0.579 0.594 0.610 0.598 0.617 0.739 0.861 0.919 0.859 0.845 0.895 0.811 0.793 0.798 0.828 0.538 0.511 0.585 0.687 0.696 0.761 0.836 0.960 0.987 0.854 0.722 0.589 0.480 0.372 0.253 0.314 0.682 1.042 1.398 1.808 2.259 2.700 3.004 3.266 3.556 3.887 4.238 4.608 4.979 5.297 5.613 5.924 6.321 6.732
1.000 1.000 1.000 1.000 1.000 1.000 0.940 0.879 0.818 0.784 0.747 0.624 0.575 0.627 0.681 0.735 0.820 0.906 0.951 0.997 1.000 1.000 1.000 1.000 1.000 1.000 0.943 0.785 0.769 0.754 0.739 0.562 0.744 0.864 0.985 1.000 1.000 1.000 1.000 1.000 1.000 1.000 1.000 0.988 0.961 0.934 0.902 0.793 0.884 0.975 1.000 1.000 0.972 0.839 0.707 0.630 0.526 0.429 0.392 0.570 0.930 1.315 1.739 2.189 2.630 3.080 3.376 3.669 3.986 4.327 4.706 5.085 5.448 5.733 6.049 6.412 6.789
1.000 1.000 1.000 1.000 1.000 1.000 0.993 0.933 0.872 0.814 0.762 0.709 0.700 0.717 0.769 0.808 0.874 0.957 1.000 1.000 1.000 1.000 1.000 1.000 1.000 1.000 0.938 0.955 0.972 0.989 0.801 0.534 0.787 1.000 1.000 1.000 1.000 1.000 1.000 1.000 1.000 1.000 1.000 1.000 1.000 1.000 0.999 0.896 0.993 1.000 1.000 1.000 1.000 0.957 0.824 0.752 0.698 0.666 0.634 0.602 0.858 1.275 1.693 2.119 2.571 3.025 3.479 3.780 4.080 4.380 4.728 5.110 5.495 5.853 6.174 6.503 6.806
1.000 1.000 1.000 1.000 1.000 1.000 1.000 0.987 0.926 0.868 0.841 0.841 0.834 0.828 0.844 0.881 0.947 1.000 1.000 1.000 1.000 1.000 1.000 1.000 1.000 1.000 0.904 0.674 0.691 0.708 0.725 0.521 0.775 0.924 1.000 1.000 1.000 1.000 1.000 1.000 1.000 1.000 1.000 1.000 1.000 1.000 1.000 1.000 1.000 1.000 1.000 1.000 1.000 1.000 0.942 0.894 0.866 0.838 0.805 0.708 0.835 1.210 1.629 2.047 2.494 2.950 3.404 3.860 4.162 4.463 4.775 5.144 5.528 5.913 6.258 6.561 6.863
1.000 1.000 1.000 1.000 1.000 1.000 1.000 1.000 0.980 0.921 0.900 0.952 0.946 0.939 0.933 0.955 1.000 1.000 1.000 1.000 1.000 1.000 1.000 1.000 1.000 1.000 0.887 0.612 0.596 0.579 0.562 0.537 0.669 0.800 0.941 1.000 1.000 1.000 1.000 1.000 1.000 1.000 1.000 1.000 1.000 1.000 1.000 1.000 1.000 1.000 1.000 1.000 1.000 1.000 0.987 0.896 0.889 0.881 0.900 0.781 0.930 1.165 1.555 1.974 2.416 2.862 3.312 3.783 4.231 4.546 4.872 5.197 5.572 5.917 6.282 6.626 6.926
1.000 1.000 1.000 1.000 0.901 0.969 1.000 1.000 0.919 0.974 0.959 1.000 1.000 1.000 1.000 1.000 1.000 1.000 1.000 1.000 1.000 1.000 1.000 1.000 1.000 1.000 0.910 0.893 0.876 0.859 0.792 0.685 0.817 0.949 1.000 1.000 1.000 1.000 1.000 1.000 1.000 1.000 1.000 1.000 1.000 1.000 1.000 1.000 1.000 1.000 1.000 1.000 1.000 1.000 0.975 0.782 0.712 0.780 0.847 0.854 1.023 1.253 1.483 1.901 2.340 2.775 3.220 3.693 4.160 4.611 4.939 5.267 5.571 5.906 6.274 6.636 6.929
1.000 1.000 1.000 0.885 0.754 0.839 0.970 0.854 0.788 0.935 1.000 1.000 1.000 1.000 1.000 1.000 1.000 1.000 1.000 1.000 1.000 1.000 1.000 1.000 1.000 1.000 1.000 1.000 1.000 1.000 0.924 0.834 0.966 1.000 1.000 1.000 1.000 1.000 1.000 1.000 1.000 1.000 1.000 1.000 1.000 1.000 1.000 1.000 1.000 1.000 1.000 1.000 1.000 1.000 0.964 0.792 0.760 0.797 0.853 0.933 1.103 1.334 1.565 1.816 2.253 2.691 3.129 3.585 4.046 4.552 4.982 5.270 5.573 5.895 6.225 6.474 6.855
1.000 0.998 0.868 0.738 0.607 0.676 0.693 0.708 0.658 0.805 0.952 1.000 1.000 1.000 1.000 1.000 1.000 1.000 1.000 1.000 1.000 1.000 1.000 1.000 1.000 1.000 1.000 1.000 1.000 1.000 1.000 0.983 1.000 1.000 1.000 1.000 1.000 1.000 1.000 1.000 1.000 1.000 1.000 1.000 1.000 1.000 1.000 1.000 1.000 1.000 1.000 1.000 1.000 1.000 0.995 0.963 0.931 0.899 0.978 1.100 1.221 1.403 1.630 1.859 2.136 2.573 3.022 3.472 3.934 4.433 4.898 5.270 5.575 5.848 6.064 6.313 6.702
1.000 1.000 0.881 0.734 0.587 0.619 0.602 0.586 0.588 0.718 0.848 0.979 1.000 1.000 1.000 1.000 1.000 1.000 1.000 1.000 1.000 1.000 1.000 1.000 1.000 1.000 1.000 1.000 1.000 1.000 1.000 1.000 1.000 1.000 1.000 1.000 1.000 1.000 1.000 1.000 1.000 1.000 1.000 1.000 1.000 1.000 1.000 1.000 1.000 1.000 1.000 1.000 1.000 0.953 0.831 0.744 0.737 0.785 0.833 0.979 1.125 1.431 1.693 1.922 2.151 2.430 2.886 3.342 3.791 4.262 4.735 5.206 5.515 5.723 5.932 6.160 6.578
1.000 1.000 1.000 0.864 0.717 0.835 0.879 0.767 0.735 0.865 0.995 1.000 1.000 1.000 1.000 1.000 1.000 1.000 1.000 1.000 1.000 1.000 1.000 1.000 1.000 1.000 1.000 1.000 1.000 1.000 1.000 1.000 1.000 1.000 1.000 1.000 1.000 1.000 1.000 1.000 1.000 1.000 1.000 1.000 1.000 1.000 1.000 1.000 1.000 1.000 1.000 1.000 0.938 0.819 0.696 0.567 0.560 0.641 0.685 0.735 1.065 1.398 1.731 1.973 2.147 2.349 2.667 3.137 3.599 3.975 4.448 4.957 5.383 5.630 5.836 6.137 6.467
1.000 1.000 1.000 0.994 0.851 0.982 1.000 0.898 0.882 1.000 1.000 1.000 1.000 1.000 1.000 1.000 1.000 1.000 1.000 1.000 1.000 1.000 1.000 1.000 1.000 1.000 1.000 1.000 1.000 1.000 1.000 1.000 1.000 1.000 1.000 1.000 1.000 1.000 1.000 1.000 1.000 1.000 1.000 1.000 1.000 1.000 1.000 1.000 1.000 1.000 1.000 0.923 0.803 0.684 0.560 0.609 0.523 0.497 0.560 0.790 1.043 1.376 1.687 1.958 2.144 2.348 2.576 2.952 3.406 3.772 4.203 4.729 5.146 5.524 5.864 6.171 6.434
