in/test_suite/Manuel_C003_0001/C003_0001_U_F.asc
ncols    419
nrows    278
xllcorner    0
yllcorner    0
cellsize    10
NODATA_value    -9999
[rows 68 to 101 of 278, columns 0 to 76 of 419]
0.000 0.000 0.000 0.000 0.000 0.000 0.000 0.000 0.000 0.000 0.000 0.000 0.000 0.000 0.000 0.000 0.000 0.000 0.000 0.000 0.000 0.000 0.000 0.000 0.000 0.000 0.000 0.000 0.000 0.000 0.000 0.001 0.002 0.001 0.000 0.002 0.002 0.002 0.003 0.006 0.009 0.012 0.016 0.020 0.025 0.029 0.034 0.039 0.044 0.045 0.047 0.049 0.049 0.047 0.044 0.043 0.040 0.037 0.035 0.033 0.029 0.025 0.021 0.018 0.014 0.009 0.005 0.003 0.003 0.001 0.000 0.001 0.001 0.000 0.000 0.000 0.000
0.000 0.000 0.000 0.000 0.000 0.000 0.000 0.000 0.000 0.000 0.000 0.000 0.000 0.000 0.000 0.000 0.000 0.000 0.000 0.000 0.000 0.000 0.000 0.000 0.000 0.000 0.000 0.000 0.000 0.000 0.000 0.001 0.003 0.001 0.001 0.004 0.006 0.008 0.009 0.011 0.013 0.016 0.020 0.024 0.028 0.032 0.035 0.040 0.045 0.045 0.047 0.048 0.047 0.045 0.042 0.040 0.037 0.034 0.032 0.030 0.025 0.021 0.017 0.014 0.011 0.005 0.001 0.002 0.002 0.001 0.000 0.000 0.000 0.000 0.000 0.000 0.000
0.000 0.000 0.000 0.000 0.000 0.000 0.000 0.000 0.000 0.000 0.000 0.000 0.000 0.000 0.000 0.000 0.000 0.000 0.000 0.000 0.000 0.000 0.000 0.000 0.000 0.000 0.000 0.000 0.000 0.000 0.000 0.001 0.001 0.001 0.001 0.005 0.011 0.014 0.016 0.019 0.013 0.017 0.021 0.027 0.031 0.035 0.037 0.042 0.046 0.046 0.046 0.044 0.043 0.041 0.039 0.036 0.034 0.031 0.028 0.025 0.021 0.017 0.013 0.010 0.007 0.002 0.001 0.001 0.001 0.000 0.000 0.000 0.000 0.000 0.000 0.000 0.000
0.000 0.000 0.000 0.000 0.000 0.000 0.000 0.000 0.000 0.000 0.000 0.000 0.000 0.000 0.000 0.000 0.000 0.000 0.000 0.000 0.001 0.001 0.001 0.000 0.001 0.001 0.001 0.002 0.002 0.002 0.002 0.002 0.002 0.001 0.004 0.009 0.014 0.020 0.025 0.031 0.017 0.012 0.020 0.027 0.034 0.038 0.041 0.043 0.047 0.046 0.044 0.042 0.040 0.038 0.036 0.034 0.031 0.027 0.023 0.020 0.016 0.013 0.009 0.006 0.004 0.003 0.002 0.001 0.001 0.001 0.000 0.000 0.000 0.000 0.000 0.000 0.000
0.000 0.000 0.000 0.000 0.000 0.000 0.000 0.000 0.000 0.000 0.000 0.000 0.000 0.000 0.000 0.000 0.000 0.000 0.000 0.000 0.001 0.001 0.001 0.000 0.001 0.002 0.004 0.005 0.006 0.006 0.008 0.009 0.010 0.012 0.019 0.027 0.032 0.035 0.037 0.042 0.028 0.026 0.030 0.037 0.041 0.043 0.046 0.048 0.047 0.045 0.042 0.040 0.038 0.035 0.034 0.032 0.027 0.023 0.019 0.015 0.011 0.007 0.003 0.002 0.002 0.002 0.001 0.001 0.001 0.000 0.000 0.000 0.000 0.000 0.000 0.000 0.000
0.000 0.000 0.000 0.000 0.000 0.000 0.000 0.000 0.000 0.000 0.000 0.000 0.000 0.000 0.000 0.000 0.000 0.000 0.000 0.000 0.000 0.001 0.001 0.000 0.002 0.004 0.006 0.007 0.007 0.005 0.007 0.009 0.022 0.026 0.033 0.042 0.048 0.051 0.053 0.054 0.052 0.051 0.049 0.051 0.049 0.051 0.054 0.053 0.049 0.043 0.041 0.037 0.035 0.033 0.031 0.027 0.023 0.019 0.015 0.012 0.008 0.003 0.000 0.000 0.000 0.000 0.000 0.000 0.000 0.000 0.000 0.000 0.000 0.000 0.000 0.000 0.000
0.000 0.000 0.000 0.000 0.000 0.000 0.000 0.000 0.000 0.000 0.000 0.000 0.000 0.000 0.000 0.000 0.000 0.000 0.000 0.000 0.001 0.001 0.001 0.002 0.004 0.006 0.009 0.008 0.005 0.003 0.001 0.019 0.037 0.040 0.047 0.054 0.062 0.067 0.069 0.073 0.076 0.075 0.069 0.059 0.056 0.059 0.061 0.055 0.051 0.045 0.038 0.034 0.032 0.030 0.026 0.022 0.019 0.014 0.010 0.007 0.005 0.002 0.000 0.001 0.001 0.000 0.000 0.000 0.000 0.000 0.000 0.000 0.000 0.000 0.000 0.000 0.000
0.000 0.000 0.000 0.000 0.000 0.000 0.000 0.000 0.000 0.000 0.000 0.000 0.000 0.000 0.000 0.000 0.000 0.001 0.001 0.000 0.002 0.003 0.004 0.006 0.013 0.015 0.017 0.020 0.018 0.015 0.018 0.035 0.052 0.056 0.066 0.073 0.079 0.088 0.092 0.095 0.099 0.096 0.085 0.074 0.064 0.066 0.067 0.059 0.053 0.045 0.037 0.030 0.028 0.024 0.021 0.017 0.014 0.010 0.005 0.003 0.002 0.002 0.000 0.001 0.001 0.000 0.000 0.000 0.000 0.000 0.000 0.000 0.000 0.000 0.000 0.000 0.000
0.000 0.000 0.000 0.000 0.000 0.000 0.000 0.000 0.000 0.000 0.000 0.000 0.000 0.000 0.000 0.000 0.000 0.001 0.001 0.000 0.002 0.006 0.008 0.011 0.017 0.023 0.025 0.028 0.031 0.035 0.039 0.055 0.068 0.076 0.086 0.097 0.107 0.119 0.123 0.127 0.135 0.130 0.115 0.104 0.088 0.072 0.073 0.065 0.056 0.048 0.040 0.030 0.024 0.020 0.017 0.013 0.011 0.006 0.001 0.000 0.000 0.000 0.000 0.000 0.000 0.000 0.000 0.000 0.000 0.000 0.000 0.000 0.000 0.000 0.000 0.000 0.000
0.000 0.000 0.000 0.000 0.000 0.000 0.000 0.000 0.000 0.000 0.000 0.000 0.000 0.000 0.001 0.000 0.001 0.002 0.002 0.000 0.004 0.010 0.012 0.016 0.022 0.028 0.033 0.037 0.046 0.055 0.061 0.075 0.087 0.095 0.106 0.122 0.138 0.150 0.154 0.162 0.174 0.168 0.147 0.125 0.109 0.093 0.079 0.070 0.062 0.053 0.042 0.029 0.023 0.019 0.013 0.009 0.007 0.003 0.000 0.001 0.001 0.000 0.000 0.000 0.000 0.000 0.000 0.000 0.000 0.000 0.000 0.000 0.000 0.000 0.000 0.000 0.000
0.000 0.000 0.000 0.000 0.000 0.000 0.000 0.000 0.000 0.000 0.000 0.000 0.000 0.001 0.001 0.001 0.002 0.003 0.002 0.005 0.008 0.013 0.016 0.022 0.028 0.034 0.041 0.052 0.061 0.070 0.080 0.093 0.104 0.114 0.130 0.148 0.166 0.181 0.179 0.188 0.213 0.203 0.174 0.146 0.125 0.105 0.087 0.079 0.071 0.054 0.041 0.028 0.023 0.015 0.008 0.004 0.003 0.002 0.000 0.001 0.001 0.000 0.000 0.000 0.000 0.000 0.000 0.000 0.000 0.000 0.000 0.000 0.000 0.000 0.000 0.000 0.000
0.000 0.000 0.000 0.000 0.000 0.000 0.000 0.000 0.000 0.000 0.000 0.000 0.000 0.001 0.002 0.002 0.003 0.003 0.007 0.010 0.014 0.017 0.023 0.028 0.034 0.041 0.051 0.064 0.076 0.087 0.099 0.111 0.122 0.137 0.155 0.174 0.190 0.199 0.203 0.214 0.225 0.210 0.184 0.157 0.136 0.112 0.095 0.088 0.070 0.050 0.038 0.027 0.020 0.012 0.004 0.001 0.002 0.002 0.000 0.000 0.000 0.000 0.000 0.000 0.000 0.000 0.000 0.000 0.000 0.000 0.000 0.000 0.000 0.000 0.000 0.000 0.000
0.000 0.000 0.000 0.000 0.000 0.000 0.000 0.000 0.000 0.000 0.000 0.000 0.000 0.002 0.003 0.000 0.002 0.009 0.011 0.013 0.018 0.022 0.022 0.028 0.039 0.051 0.061 0.075 0.090 0.106 0.118 0.130 0.145 0.160 0.179 0.199 0.211 0.217 0.223 0.221 0.207 0.194 0.178 0.160 0.143 0.119 0.103 0.083 0.065 0.046 0.035 0.025 0.016 0.008 0.003 0.001 0.002 0.001 0.000 0.000 0.000 0.000 0.000 0.000 0.000 0.000 0.000 0.000 0.000 0.000 0.000 0.000 0.000 0.000 0.000 0.000 0.000
0.001 0.001 0.002 0.002 0.001 0.000 0.002 0.002 0.002 0.003 0.003 0.002 0.001 0.005 0.005 0.003 0.008 0.015 0.017 0.019 0.024 0.029 0.026 0.034 0.050 0.061 0.072 0.086 0.102 0.122 0.136 0.145 0.164 0.184 0.200 0.217 0.270 0.277 0.249 0.227 0.216 0.201 0.184 0.167 0.150 0.125 0.096 0.076 0.058 0.041 0.029 0.020 0.011 0.006 0.005 0.003 0.001 0.001 0.000 0.000 0.000 0.000 0.000 0.000 0.000 0.000 0.000 0.000 0.000 0.000 0.000 0.000 0.000 0.000 0.000 0.000 0.000
0.002 0.002 0.002 0.002 0.001 0.000 0.002 0.004 0.005 0.005 0.005 0.002 0.001 0.006 0.009 0.011 0.015 0.021 0.024 0.028 0.032 0.035 0.038 0.046 0.060 0.071 0.078 0.097 0.114 0.133 0.150 0.161 0.180 0.200 0.215 0.234 0.288 0.296 0.248 0.229 0.225 0.209 0.193 0.176 0.153 0.114 0.087 0.068 0.051 0.034 0.016 0.005 0.004 0.005 0.002 0.001 0.001 0.001 0.000 0.000 0.000 0.000 0.000 0.000 0.000 0.000 0.000 0.000 0.000 0.000 0.000 0.000 0.000 0.000 0.000 0.000 0.000
0.004 0.003 0.002 0.002 0.001 0.001 0.003 0.006 0.008 0.007 0.005 0.002 0.001 0.007 0.014 0.019 0.023 0.026 0.029 0.033 0.038 0.047 0.052 0.060 0.071 0.077 0.085 0.105 0.125 0.143 0.160 0.176 0.193 0.210 0.228 0.252 0.258 0.258 0.247 0.228 0.211 0.193 0.177 0.159 0.136 0.104 0.078 0.060 0.042 0.025 0.008 0.001 0.003 0.003 0.000 0.000 0.000 0.000 0.000 0.000 0.000 0.000 0.000 0.000 0.000 0.000 0.000 0.000 0.000 0.000 0.000 0.000 0.000 0.000 0.000 0.000 0.000
0.006 0.007 0.008 0.007 0.006 0.009 0.011 0.013 0.013 0.014 0.010 0.007 0.007 0.014 0.020 0.026 0.029 0.031 0.033 0.037 0.047 0.056 0.066 0.073 0.078 0.083 0.091 0.112 0.133 0.154 0.170 0.184 0.198 0.216 0.234 0.250 0.248 0.244 0.238 0.216 0.198 0.180 0.158 0.135 0.111 0.088 0.069 0.051 0.033 0.016 0.006 0.001 0.002 0.002 0.000 0.000 0.000 0.000 0.000 0.000 0.000 0.000 0.000 0.000 0.000 0.000 0.000 0.000 0.000 0.000 0.000 0.000 0.000 0.000 0.000 0.000 0.000
0.010 0.011 0.012 0.014 0.017 0.020 0.024 0.024 0.021 0.026 0.027 0.027 0.029 0.034 0.041 0.039 0.047 0.050 0.052 0.058 0.066 0.075 0.082 0.090 0.094 0.098 0.106 0.126 0.146 0.167 0.182 0.194 0.207 0.221 0.244 0.259 0.260 0.254 0.242 0.215 0.190 0.169 0.144 0.113 0.089 0.072 0.044 0.024 0.008 0.009 0.005 0.001 0.002 0.002 0.000 0.000 0.000 0.000 0.000 0.000 0.000 0.000 0.000 0.000 0.000 0.000 0.000 0.000 0.000 0.000 0.000 0.000 0.000 0.000 0.000 0.000 0.000
0.012 0.012 0.018 0.027 0.027 0.030 0.038 0.032 0.029 0.034 0.044 0.048 0.051 0.055 0.053 0.051 0.060 0.072 0.075 0.081 0.089 0.096 0.101 0.110 0.118 0.122 0.131 0.151 0.172 0.185 0.203 0.219 0.233 0.245 0.255 0.269 0.274 0.259 0.245 0.217 0.186 0.156 0.130 0.098 0.074 0.057 0.029 0.002 0.000 0.000 0.000 0.000 0.000 0.000 0.000 0.000 0.000 0.000 0.000 0.000 0.000 0.000 0.000 0.000 0.000 0.000 0.000 0.000 0.000 0.000 0.000 0.000 0.000 0.000 0.000 0.000 0.000
0.015 0.020 0.032 0.040 0.039 0.045 0.055 0.047 0.037 0.047 0.057 0.068 0.071 0.069 0.066 0.063 0.079 0.097 0.098 0.104 0.113 0.116 0.119 0.129 0.139 0.147 0.156 0.176 0.189 0.202 0.221 0.243 0.260 0.272 0.277 0.283 0.294 0.277 0.249 0.219 0.186 0.148 0.116 0.091 0.065 0.043 0.021 0.012 0.004 0.004 0.002 0.000 0.000 0.000 0.000 0.000 0.000 0.000 0.000 0.000 0.000 0.000 0.000 0.000 0.000 0.000 0.000 0.000 0.000 0.000 0.000 0.000 0.000 0.000 0.000 0.000 0.000
0.025 0.036 0.046 0.053 0.056 0.063 0.072 0.065 0.073 0.084 0.093 0.100 0.103 0.100 0.095 0.094 0.106 0.123 0.124 0.128 0.138 0.140 0.139 0.148 0.158 0.168 0.180 0.193 0.206 0.220 0.240 0.263 0.286 0.299 0.303 0.307 0.313 0.294 0.257 0.220 0.187 0.145 0.090 0.060 0.036 0.031 0.022 0.014 0.007 0.005 0.001 0.000 0.000 0.000 0.000 0.000 0.000 0.000 0.000 0.000 0.000 0.000 0.000 0.000 0.000 0.000 0.000 0.000 0.000 0.000 0.000 0.000 0.000 0.000 0.000 0.000 0.000
0.038 0.048 0.059 0.070 0.073 0.080 0.091 0.102 0.110 0.121 0.130 0.135 0.138 0.141 0.140 0.140 0.141 0.149 0.153 0.157 0.162 0.164 0.167 0.170 0.180 0.190 0.202 0.215 0.228 0.246 0.267 0.289 0.311 0.324 0.326 0.330 0.334 0.301 0.264 0.226 0.184 0.127 0.072 0.016 0.013 0.030 0.014 0.003 0.003 0.003 0.001 0.000 0.000 0.000 0.000 0.000 0.000 0.000 0.000 0.000 0.000 0.000 0.000 0.000 0.000 0.000 0.000 0.000 0.000 0.000 0.000 0.000 0.000 0.000 0.000 0.000 0.000
0.047 0.059 0.070 0.081 0.091 0.102 0.119 0.136 0.146 0.156 0.164 0.170 0.173 0.181 0.181 0.182 0.183 0.181 0.183 0.187 0.188 0.189 0.192 0.196 0.201 0.211 0.224 0.238 0.257 0.278 0.298 0.319 0.356 0.368 0.347 0.349 0.344 0.308 0.269 0.238 0.203 0.146 0.088 0.028 0.012 0.027 0.011 0.000 0.001 0.001 0.000 0.000 0.000 0.000 0.000 0.000 0.000 0.000 0.000 0.000 0.000 0.000 0.000 0.000 0.000 0.000 0.000 0.000 0.000 0.000 0.000 0.000 0.000 0.000 0.000 0.000 0.000
0.068 0.083 0.095 0.104 0.120 0.141 0.157 0.173 0.186 0.193 0.200 0.207 0.215 0.223 0.223 0.222 0.222 0.220 0.215 0.214 0.209 0.209 0.212 0.218 0.225 0.233 0.246 0.260 0.275 0.296 0.320 0.363 0.404 0.412 0.386 0.359 0.354 0.316 0.279 0.259 0.222 0.165 0.105 0.044 0.031 0.024 0.010 0.000 0.000 0.000 0.000 0.000 0.000 0.000 0.000 0.000 0.000 0.000 0.000 0.000 0.000 0.000 0.000 0.000 0.000 0.000 0.000 0.000 0.000 0.000 0.000 0.000 0.000 0.000 0.000 0.000 0.000
0.091 0.106 0.122 0.140 0.162 0.184 0.204 0.219 0.232 0.241 0.247 0.253 0.258 0.266 0.267 0.269 0.261 0.259 0.249 0.235 0.229 0.230 0.230 0.234 0.243 0.251 0.258 0.275 0.291 0.309 0.355 0.403 0.448 0.451 0.420 0.389 0.365 0.317 0.279 0.278 0.241 0.162 0.111 0.060 0.047 0.027 0.009 0.000 0.000 0.000 0.000 0.000 0.000 0.000 0.000 0.000 0.000 0.000 0.000 0.000 0.000 0.000 0.000 0.000 0.000 0.000 0.000 0.000 0.000 0.000 0.000 0.000 0.000 0.000 0.000 0.000 0.000
0.101 0.116 0.146 0.180 0.204 0.226 0.247 0.266 0.278 0.287 0.297 0.302 0.307 0.311 0.318 0.319 0.307 0.291 0.277 0.263 0.250 0.248 0.247 0.246 0.250 0.249 0.254 0.265 0.283 0.303 0.326 0.374 0.414 0.419 0.395 0.368 0.346 0.314 0.279 0.275 0.234 0.154 0.106 0.071 0.048 0.029 0.010 0.000 0.000 0.000 0.000 0.000 0.000 0.000 0.000 0.000 0.000 0.000 0.000 0.000 0.000 0.000 0.000 0.000 0.000 0.000 0.000 0.000 0.000 0.000 0.000 0.000 0.000 0.000 0.000 0.000 0.000
0.119 0.150 0.182 0.215 0.247 0.267 0.288 0.309 0.325 0.336 0.347 0.356 0.360 0.364 0.369 0.368 0.340 0.320 0.307 0.292 0.271 0.260 0.259 0.254 0.248 0.247 0.252 0.262 0.278 0.298 0.319 0.336 0.372 0.374 0.359 0.340 0.318 0.296 0.271 0.231 0.192 0.146 0.103 0.072 0.040 0.018 0.005 0.000 0.000 0.000 0.000 0.000 0.000 0.000 0.000 0.000 0.000 0.000 0.000 0.000 0.000 0.000 0.000 0.000 0.000 0.000 0.000 0.000 0.000 0.000 0.000 0.000 0.000 0.000 0.000 0.000 0.000
0.166 0.200 0.237 0.269 0.301 0.318 0.339 0.360 0.375 0.385 0.396 0.401 0.405 0.410 0.415 0.399 0.367 0.349 0.336 0.313 0.292 0.279 0.264 0.249 0.244 0.244 0.253 0.264 0.275 0.292 0.303 0.313 0.330 0.330 0.320 0.376 0.355 0.307 0.240 0.203 0.162 0.120 0.077 0.048 0.019 0.014 0.005 0.000 0.000 0.000 0.000 0.000 0.000 0.000 0.000 0.000 0.000 0.000 0.000 0.000 0.000 0.000 0.000 0.000 0.000 0.000 0.000 0.000 0.000 0.000 0.000 0.000 0.000 0.000 0.000 0.000 0.000
0.214 0.249 0.288 0.324 0.354 0.372 0.391 0.413 0.427 0.435 0.439 0.442 0.446 0.448 0.431 0.413 0.394 0.376 0.361 0.335 0.314 0.294 0.267 0.245 0.240 0.237 0.234 0.247 0.260 0.259 0.267 0.279 0.290 0.291 0.283 0.341 0.364 0.271 0.208 0.177 0.137 0.093 0.045 0.005 0.003 0.004 0.004 0.000 0.000 0.000 0.000 0.000 0.000 0.000 0.000 0.000 0.000 0.000 0.000 0.000 0.000 0.000 0.000 0.000 0.000 0.000 0.000 0.000 0.000 0.000 0.000 0.000 0.000 0.000 0.000 0.000 0.000
0.261 0.298 0.337 0.376 0.408 0.427 0.446 0.466 0.479 0.493 0.507 0.510 0.504 0.476 0.462 0.443 0.422 0.401 0.386 0.360 0.326 0.297 0.271 0.244 0.228 0.226 0.223 0.221 0.219 0.218 0.218 0.227 0.235 0.244 0.248 0.267 0.259 0.236 0.176 0.132 0.106 0.066 0.019 0.001 0.004 0.004 0.003 0.000 0.000 0.000 0.000 0.000 0.000 0.000 0.000 0.000 0.000 0.000 0.000 0.000 0.000 0.000 0.000 0.000 0.000 0.000 0.000 0.000 0.000 0.000 0.000 0.000 0.000 0.000 0.000 0.000 0.000
0.302 0.340 0.379 0.419 0.454 0.475 0.494 0.516 0.529 0.545 0.561 0.567 0.530 0.504 0.495 0.478 0.454 0.431 0.410 0.374 0.336 0.298 0.271 0.241 0.207 0.193 0.192 0.189 0.179 0.178 0.180 0.169 0.177 0.186 0.201 0.189 0.177 0.164 0.129 0.081 0.057 0.041 0.018 0.002 0.007 0.008 0.005 0.002 0.000 0.000 0.000 0.000 0.000 0.000 0.000 0.000 0.000 0.000 0.000 0.000 0.000 0.000 0.000 0.000 0.000 0.000 0.000 0.000 0.000 0.000 0.000 0.000 0.000 0.000 0.000 0.000 0.000
0.344 0.381 0.419 0.458 0.492 0.515 0.538 0.574 0.575 0.578 0.582 0.571 0.557 0.533 0.522 0.494 0.469 0.447 0.415 0.374 0.337 0.300 0.267 0.237 0.203 0.167 0.163 0.160 0.145 0.141 0.146 0.133 0.117 0.139 0.157 0.146 0.133 0.101 0.069 0.031 0.015 0.016 0.016 0.002 0.006 0.006 0.003 0.001 0.000 0.000 0.000 0.000 0.000 0.000 0.000 0.000 0.000 0.000 0.000 0.000 0.000 0.000 0.000 0.000 0.000 0.000 0.000 0.000 0.000 0.000 0.000 0.000 0.000 0.000 0.000 0.000 0.000
0.404 0.439 0.467 0.498 0.531 0.558 0.596 0.632 0.631 0.615 0.599 0.586 0.574 0.559 0.548 0.519 0.482 0.449 0.415 0.372 0.333 0.300 0.266 0.234 0.197 0.158 0.137 0.130 0.108 0.103 0.111 0.097 0.089 0.097 0.113 0.103 0.094 0.063 0.029 0.001 0.003 0.003 0.002 0.001 0.004 0.003 0.000 0.000 0.000 0.000 0.000 0.000 0.000 0.000 0.000 0.000 0.000 0.000 0.000 0.000 0.000 0.000 0.000 0.000 0.000 0.000 0.000 0.000 0.000 0.000 0.000 0.000 0.000 0.000 0.000 0.000 0.000
0.449 0.481 0.511 0.541 0.575 0.614 0.652 0.690 0.678 0.658 0.637 0.622 0.606 0.589 0.574 0.542 0.495 0.449 0.414 0.370 0.330 0.296 0.263 0.226 0.186 0.149 0.128 0.092 0.067 0.064 0.077 0.073 0.066 0.070 0.069 0.061 0.052 0.043 0.019 0.000 0.008 0.011 0.007 0.003 0.001 0.000 0.000 0.000 0.000 0.000 0.000 0.000 0.000 0.000 0.000 0.000 0.000 0.000 0.000 0.000 0.000 0.000 0.000 0.000 0.000 0.000 0.000 0.000 0.000 0.000 0.000 0.000 0.000 0.000 0.000 0.000 0.000
