in/test_suite/Manuel_C003_0001/C003_0001_C_G_corrected.asc
ncols    419
nrows    278
xllcorner    0
yllcorner    0
cellsize    10
NODATA_value    -9999
[rows 56 to 83 of 278, columns 315 to 377 of 419]
2044.122 2044.207 2044.321 2044.445 2044.488 2044.511 2044.562 2044.584 2044.467 2044.182 2044.040 2043.999 2044.011 2044.066 2044.133 2044.222 2044.337 2044.387 2044.437 2044.524 2044.649 2044.623 2044.589 2044.578 2044.785 2044.838 2044.803 2044.551 2044.392 2044.539 2044.621 2044.439 2044.446 2044.552 2044.248 2044.079 2044.349 2044.341 2044.129 2043.995 2043.895 2043.892 2043.809 2043.673 2043.735 2043.909 2044.143 2044.390 2044.657 2044.770 2044.703 2044.312 2043.967 2043.547 2043.136 2042.771 2042.408 2042.151 2042.000 2041.836 2041.628 2041.356 2041.108
2043.965 2044.041 2044.157 2044.248 2044.372 2044.409 2044.433 2044.379 2044.205 2043.894 2043.733 2043.706 2043.708 2043.769 2043.917 2044.056 2044.142 2044.180 2044.208 2044.266 2044.495 2044.599 2044.581 2044.564 2044.582 2044.508 2044.330 2044.129 2044.031 2044.150 2044.222 2044.112 2044.189 2044.086 2043.888 2043.753 2043.994 2043.973 2043.792 2043.606 2043.573 2043.478 2043.373 2043.234 2043.221 2043.455 2043.655 2043.906 2044.110 2044.250 2044.387 2044.231 2043.832 2043.439 2043.061 2042.686 2042.274 2041.900 2041.670 2041.424 2041.266 2041.055 2040.755
2043.745 2043.810 2043.878 2044.009 2044.342 2044.425 2044.373 2044.319 2044.004 2043.610 2043.447 2043.430 2043.425 2043.543 2043.700 2043.826 2043.915 2043.962 2043.975 2044.010 2044.140 2044.141 2044.154 2044.167 2044.300 2044.067 2043.910 2043.726 2043.660 2043.722 2043.824 2043.945 2043.914 2043.634 2043.422 2043.329 2043.292 2043.271 2043.249 2043.232 2043.260 2043.087 2042.964 2042.935 2042.936 2042.989 2043.156 2043.393 2043.551 2043.730 2043.903 2043.879 2043.697 2043.330 2042.937 2042.552 2042.141 2041.765 2041.345 2041.041 2040.844 2040.614 2040.340
2043.452 2043.501 2043.591 2043.772 2044.124 2044.300 2044.283 2043.901 2043.591 2043.370 2043.171 2043.157 2043.190 2043.327 2043.427 2043.550 2043.633 2043.678 2043.704 2043.744 2043.754 2043.717 2043.646 2043.831 2044.046 2043.720 2043.463 2043.432 2043.370 2043.430 2043.491 2043.592 2043.617 2043.352 2043.092 2043.069 2043.028 2043.000 2043.000 2043.001 2042.955 2042.772 2042.734 2042.750 2042.750 2042.771 2042.856 2043.040 2043.157 2043.247 2043.317 2043.384 2043.419 2043.166 2042.774 2042.396 2042.008 2041.613 2041.152 2040.690 2040.423 2040.180 2039.955
2043.160 2043.220 2043.281 2043.543 2043.885 2044.105 2043.770 2043.399 2043.068 2042.934 2042.865 2042.906 2042.947 2043.037 2043.151 2043.274 2043.350 2043.394 2043.439 2043.519 2043.808 2043.772 2043.735 2043.640 2043.835 2043.427 2043.229 2043.154 2043.089 2043.070 2043.140 2043.283 2043.326 2043.095 2043.000 2043.000 2043.000 2043.000 2043.000 2042.712 2042.616 2042.560 2042.530 2042.564 2042.563 2042.582 2042.631 2042.741 2042.831 2042.897 2042.963 2043.010 2043.097 2042.972 2042.623 2042.246 2041.871 2041.458 2040.997 2040.537 2040.075 2039.793 2039.583
2043.000 2043.020 2043.079 2043.323 2043.415 2043.565 2043.342 2042.984 2042.745 2042.618 2042.552 2042.588 2042.617 2042.711 2042.856 2042.998 2043.066 2043.110 2043.169 2043.388 2043.644 2043.641 2043.638 2043.636 2043.575 2043.246 2042.959 2042.819 2042.735 2042.729 2042.793 2042.952 2043.020 2042.908 2043.000 2043.000 2042.952 2042.808 2042.705 2042.395 2042.374 2042.354 2042.338 2042.379 2042.377 2042.393 2042.448 2042.517 2042.647 2042.692 2042.747 2042.729 2042.810 2042.664 2042.448 2042.101 2041.733 2041.373 2040.900 2040.445 2039.968 2039.536 2039.321
2043.000 2043.081 2043.026 2043.041 2043.000 2043.081 2043.037 2042.594 2042.457 2042.352 2042.278 2042.271 2042.292 2042.393 2042.539 2042.692 2042.770 2042.816 2043.000 2043.139 2043.137 2043.134 2043.141 2043.208 2043.315 2042.792 2042.351 2042.309 2042.357 2042.405 2042.439 2042.397 2042.321 2042.398 2042.580 2042.842 2043.000 2042.473 2042.290 2042.116 2042.133 2042.149 2042.151 2042.194 2042.190 2042.211 2042.268 2042.349 2042.579 2042.685 2042.678 2042.595 2042.533 2042.357 2042.140 2041.952 2041.638 2041.273 2040.812 2040.354 2039.875 2039.423 2039.085
2043.107 2043.212 2043.065 2043.000 2043.000 2043.000 2042.696 2042.320 2042.170 2042.078 2042.004 2041.952 2041.960 2042.075 2042.227 2042.395 2042.470 2042.552 2042.786 2043.000 2043.000 2043.000 2043.000 2043.076 2043.166 2042.300 2042.000 2042.000 2042.013 2042.068 2042.086 2042.000 2042.000 2042.000 2042.415 2042.882 2043.000 2042.493 2041.932 2041.787 2041.802 2041.832 2041.929 2042.008 2042.003 2042.032 2042.088 2042.181 2042.386 2042.470 2042.477 2042.402 2042.267 2042.063 2041.839 2041.676 2041.556 2041.184 2040.751 2040.261 2039.799 2039.354 2038.971
2043.235 2043.342 2043.195 2043.048 2043.000 2042.777 2042.384 2042.000 2042.000 2041.815 2041.745 2041.705 2041.674 2041.714 2041.914 2042.085 2042.165 2042.306 2042.674 2043.000 2043.000 2043.000 2043.000 2042.969 2042.509 2042.000 2041.896 2041.776 2041.721 2041.822 2041.748 2041.826 2041.951 2042.000 2042.213 2042.478 2042.378 2042.006 2041.639 2041.439 2041.363 2041.415 2041.549 2041.554 2041.535 2041.698 2041.995 2042.005 2042.028 2042.134 2042.190 2042.090 2041.914 2041.714 2041.582 2041.444 2041.340 2041.126 2040.711 2040.211 2039.728 2039.290 2038.903
2043.414 2043.412 2043.282 2043.152 2042.888 2042.593 2042.263 2042.000 2041.841 2041.545 2041.487 2041.452 2041.419 2041.400 2041.539 2041.610 2041.725 2042.028 2042.317 2042.793 2043.000 2043.000 2042.649 2041.965 2041.741 2041.687 2041.605 2041.485 2041.431 2041.447 2041.368 2041.464 2041.598 2041.853 2041.884 2041.690 2041.482 2041.385 2041.315 2041.111 2040.991 2041.028 2041.162 2041.095 2041.065 2041.333 2041.606 2041.678 2041.805 2042.011 2042.041 2041.924 2041.665 2041.521 2041.262 2041.131 2041.105 2040.935 2040.679 2040.202 2039.682 2039.257 2038.890
2043.233 2043.265 2043.135 2042.885 2042.638 2042.380 2042.119 2041.837 2041.602 2041.333 2041.229 2041.197 2041.164 2041.132 2041.064 2041.098 2041.145 2041.417 2041.996 2042.538 2043.000 2042.694 2041.762 2041.085 2041.035 2041.209 2041.269 2041.189 2041.131 2041.067 2041.000 2041.209 2041.467 2041.422 2041.222 2040.892 2040.739 2040.736 2040.761 2040.732 2040.669 2040.745 2040.767 2040.769 2040.758 2041.028 2041.266 2041.306 2041.541 2041.790 2041.780 2041.687 2041.574 2041.291 2040.982 2040.775 2040.739 2040.709 2040.590 2040.333 2039.863 2039.401 2039.025
2042.739 2043.094 2042.864 2042.603 2042.391 2042.155 2041.783 2041.327 2041.145 2041.016 2041.000 2041.000 2041.000 2041.000 2041.000 2041.000 2041.000 2041.000 2041.930 2042.163 2042.342 2041.930 2040.992 2040.804 2040.728 2040.692 2040.799 2040.781 2040.736 2040.792 2040.933 2041.081 2041.153 2041.000 2040.838 2040.415 2040.214 2040.178 2040.249 2040.353 2040.347 2040.383 2040.381 2040.444 2040.516 2040.790 2040.904 2041.024 2041.145 2041.423 2041.510 2041.417 2041.230 2041.017 2040.692 2040.474 2040.339 2040.290 2040.223 2040.043 2040.048 2039.594 2039.228
2042.143 2042.427 2042.198 2042.161 2042.082 2041.819 2041.358 2040.827 2040.639 2040.961 2041.000 2041.000 2041.000 2040.998 2041.000 2041.000 2041.000 2041.167 2042.000 2041.453 2041.618 2040.939 2040.804 2040.621 2040.486 2040.323 2040.321 2040.297 2040.327 2040.476 2040.667 2040.931 2041.000 2041.000 2040.184 2039.843 2039.725 2039.703 2039.799 2039.973 2040.030 2040.012 2040.006 2040.073 2040.169 2040.299 2040.404 2040.582 2040.728 2040.991 2041.157 2040.980 2040.807 2040.679 2040.450 2040.237 2040.053 2039.875 2039.785 2039.636 2039.851 2039.786 2039.309
2041.969 2041.818 2041.528 2041.390 2041.399 2041.200 2040.924 2040.362 2040.148 2040.643 2041.000 2041.000 2040.933 2040.498 2040.647 2040.939 2041.191 2041.636 2041.927 2041.403 2040.817 2040.522 2040.497 2040.414 2040.250 2040.100 2040.000 2040.000 2040.032 2040.324 2040.616 2040.908 2041.000 2040.267 2039.571 2039.348 2039.275 2039.275 2039.367 2039.500 2039.588 2039.567 2039.702 2039.762 2039.823 2039.824 2039.875 2040.072 2040.307 2040.504 2040.512 2040.530 2040.481 2040.414 2040.263 2040.123 2039.936 2039.745 2039.480 2039.315 2039.736 2039.819 2039.364
2041.446 2041.267 2040.966 2040.728 2040.622 2040.515 2040.298 2040.000 2040.000 2040.145 2040.622 2040.399 2040.014 2040.000 2040.469 2040.938 2041.026 2041.425 2041.260 2040.713 2040.269 2040.104 2040.151 2040.155 2040.024 2039.992 2040.000 2040.000 2040.000 2040.186 2040.436 2040.686 2040.369 2039.561 2038.990 2038.907 2038.873 2038.905 2038.962 2039.045 2039.141 2039.262 2039.390 2039.466 2039.536 2039.468 2039.481 2039.696 2039.946 2040.011 2040.107 2040.108 2040.200 2040.191 2040.052 2039.969 2039.820 2039.628 2039.346 2039.206 2039.613 2039.745 2039.050
2040.953 2040.815 2040.545 2040.308 2040.075 2040.000 2040.000 2040.000 2040.000 2040.000 2040.000 2040.000 2040.000 2040.299 2040.970 2041.000 2041.000 2041.139 2040.360 2040.000 2040.000 2040.000 2040.000 2039.631 2039.293 2039.388 2039.605 2039.991 2040.000 2040.000 2040.068 2040.135 2039.708 2038.988 2038.727 2038.609 2038.579 2038.631 2038.724 2038.785 2038.876 2038.972 2039.078 2039.172 2039.250 2039.189 2039.143 2039.427 2039.702 2039.732 2039.677 2039.907 2040.059 2039.983 2039.810 2039.763 2039.683 2039.520 2039.141 2039.344 2039.381 2039.052 2038.425
2040.618 2040.475 2040.242 2039.886 2039.372 2040.000 2040.000 2040.000 2040.000 2040.000 2040.000 2040.000 2040.000 2040.884 2040.812 2040.751 2040.876 2040.371 2039.649 2039.782 2039.900 2039.940 2039.382 2039.000 2039.000 2039.000 2039.328 2039.783 2039.970 2039.921 2039.732 2039.473 2039.048 2038.698 2038.404 2038.298 2038.301 2038.378 2038.485 2038.578 2038.674 2038.726 2038.797 2038.889 2038.965 2039.000 2039.000 2039.176 2039.461 2039.487 2039.456 2039.639 2039.672 2039.619 2039.540 2039.543 2039.510 2039.396 2038.975 2039.542 2039.128 2038.774 2037.938
2040.414 2040.182 2039.815 2039.000 2039.238 2040.000 2040.000 2040.000 2040.000 2040.000 2040.000 2040.000 2040.215 2040.699 2040.746 2040.089 2039.618 2039.411 2039.230 2039.358 2039.518 2039.470 2039.000 2039.000 2039.000 2039.000 2039.081 2039.326 2039.319 2039.199 2039.034 2038.792 2038.465 2038.255 2038.048 2037.990 2038.029 2038.152 2038.255 2038.377 2038.427 2038.476 2038.526 2038.607 2038.692 2038.787 2038.908 2039.139 2039.304 2039.377 2039.357 2039.328 2039.281 2039.189 2039.241 2039.378 2039.282 2039.292 2039.224 2039.614 2039.232 2038.335 2037.525
2040.208 2039.903 2039.000 2039.000 2039.573 2040.000 2039.988 2040.000 2040.000 2040.000 2040.000 2040.000 2040.000 2040.000 2039.614 2038.989 2039.000 2039.000 2039.000 2039.012 2039.068 2039.000 2039.000 2039.000 2039.000 2039.000 2038.904 2038.759 2038.650 2038.460 2038.299 2038.120 2037.956 2037.837 2037.742 2037.729 2037.786 2037.926 2038.079 2038.128 2038.177 2038.226 2038.249 2038.337 2038.435 2038.556 2038.686 2038.839 2038.903 2038.968 2038.968 2039.013 2039.022 2038.986 2039.051 2039.104 2039.146 2039.186 2040.083 2039.749 2039.063 2037.867 2037.404
2039.971 2039.367 2039.000 2039.000 2039.183 2039.318 2039.662 2039.720 2039.768 2039.921 2040.000 2040.000 2040.000 2039.461 2038.904 2038.766 2038.651 2038.753 2038.891 2038.749 2038.713 2038.977 2039.000 2039.000 2039.000 2038.976 2038.553 2038.215 2037.924 2037.784 2037.660 2037.649 2037.565 2037.513 2037.441 2037.468 2037.559 2037.718 2037.942 2038.000 2038.000 2038.000 2037.952 2038.086 2038.205 2038.349 2038.392 2038.396 2038.440 2038.481 2038.575 2038.687 2038.707 2038.822 2038.836 2038.885 2038.802 2039.563 2040.140 2039.815 2038.647 2037.690 2037.336
2039.492 2039.036 2038.857 2038.758 2038.898 2039.000 2039.271 2039.403 2039.493 2039.725 2039.931 2040.000 2039.745 2038.924 2038.705 2038.527 2038.419 2038.402 2038.451 2038.397 2038.532 2038.820 2039.000 2039.000 2039.000 2038.552 2038.098 2037.458 2037.080 2037.107 2037.098 2037.175 2037.163 2037.154 2037.139 2037.207 2037.333 2037.559 2037.838 2038.000 2037.836 2037.598 2037.628 2037.800 2038.005 2038.098 2038.097 2038.006 2037.982 2038.025 2038.160 2038.361 2038.464 2038.531 2038.617 2038.695 2038.748 2039.460 2040.193 2039.471 2038.141 2037.597 2037.325
2039.209 2038.815 2038.499 2038.384 2038.549 2038.965 2039.000 2039.098 2039.278 2039.430 2039.338 2039.175 2038.902 2038.714 2038.461 2038.317 2038.179 2038.071 2038.014 2038.086 2038.375 2038.663 2038.952 2039.000 2039.000 2038.093 2037.243 2036.811 2036.604 2036.618 2036.674 2036.761 2036.829 2036.822 2036.914 2037.000 2037.178 2037.409 2037.631 2037.609 2037.394 2037.229 2037.322 2037.511 2037.707 2037.699 2037.670 2037.559 2037.553 2037.600 2037.763 2038.020 2038.141 2038.223 2038.341 2038.478 2038.542 2039.233 2039.642 2038.517 2037.730 2037.535 2037.591
2038.958 2038.612 2038.260 2038.011 2038.014 2038.273 2038.761 2039.000 2039.000 2039.081 2038.728 2038.668 2038.644 2038.444 2038.257 2038.072 2037.945 2038.000 2038.000 2038.011 2038.397 2038.756 2039.000 2039.000 2038.171 2037.268 2036.727 2036.401 2036.168 2036.192 2036.301 2036.449 2036.540 2036.551 2036.794 2037.000 2037.000 2037.191 2037.359 2037.208 2037.000 2037.000 2037.027 2037.265 2037.279 2037.293 2037.205 2037.145 2037.157 2037.188 2037.394 2037.770 2037.835 2037.862 2038.110 2038.334 2038.421 2038.535 2038.473 2037.811 2037.324 2037.281 2037.507
2038.797 2038.463 2038.117 2038.000 2038.000 2038.000 2038.537 2039.000 2038.681 2038.212 2038.059 2038.339 2038.418 2038.218 2038.017 2037.498 2037.439 2037.588 2037.912 2038.000 2038.260 2038.567 2038.626 2038.029 2037.190 2036.728 2036.357 2035.992 2035.928 2035.907 2035.994 2036.138 2036.252 2036.426 2036.674 2036.921 2037.000 2037.000 2037.000 2037.000 2037.000 2037.000 2037.000 2037.000 2037.000 2037.012 2037.012 2036.859 2036.866 2036.950 2037.174 2037.614 2037.600 2037.555 2037.778 2038.246 2038.405 2038.199 2037.688 2037.094 2037.003 2037.029 2037.464
2038.846 2038.560 2038.272 2038.131 2038.000 2038.357 2039.000 2039.000 2038.395 2038.000 2038.000 2038.010 2038.191 2037.967 2037.227 2037.000 2037.159 2037.504 2037.850 2038.000 2038.000 2038.018 2037.666 2036.974 2036.603 2036.263 2035.953 2035.738 2035.677 2035.726 2035.813 2035.943 2036.034 2036.257 2036.499 2036.807 2036.897 2036.975 2037.042 2036.996 2037.053 2037.212 2037.182 2037.152 2037.094 2036.863 2036.922 2036.755 2036.687 2036.821 2037.086 2037.370 2037.356 2037.444 2037.690 2038.353 2038.496 2038.126 2037.392 2036.988 2036.914 2036.960 2037.595
2039.000 2038.774 2038.690 2038.927 2039.000 2039.000 2039.000 2038.824 2038.582 2038.326 2038.069 2037.970 2037.910 2037.165 2037.000 2037.000 2037.218 2037.601 2037.912 2038.000 2038.000 2037.323 2036.740 2036.286 2035.903 2035.777 2035.699 2035.484 2035.452 2035.545 2035.669 2035.848 2036.000 2036.129 2036.451 2036.570 2036.744 2036.779 2036.898 2036.989 2037.123 2037.314 2037.479 2037.472 2037.117 2036.731 2036.799 2036.737 2036.609 2036.666 2036.943 2037.118 2037.369 2037.558 2037.975 2038.909 2038.697 2038.018 2037.017 2036.637 2036.557 2036.942 2037.502
2039.000 2039.000 2039.000 2039.000 2039.000 2039.000 2038.506 2038.603 2038.393 2038.136 2038.000 2037.547 2037.255 2037.000 2037.000 2037.000 2037.387 2037.773 2037.807 2037.486 2037.109 2036.445 2035.944 2035.762 2035.408 2035.301 2035.312 2035.231 2035.278 2035.394 2035.574 2035.754 2035.934 2036.095 2036.238 2036.300 2036.366 2036.368 2036.488 2036.687 2036.921 2037.039 2037.280 2037.152 2036.874 2036.761 2036.760 2036.757 2036.653 2036.580 2036.672 2036.948 2037.378 2038.025 2038.516 2038.964 2038.615 2037.633 2036.902 2036.426 2036.552 2036.761 2037.224
2038.934 2039.000 2039.000 2039.000 2039.000 2038.075 2037.913 2038.000 2038.186 2038.000 2038.000 2037.293 2037.000 2037.000 2037.000 2037.157 2037.559 2037.983 2037.473 2036.931 2036.102 2035.800 2035.522 2035.240 2034.957 2034.934 2035.000 2035.000 2035.120 2035.300 2035.477 2035.664 2035.816 2035.961 2036.000 2036.030 2036.092 2036.014 2036.136 2036.268 2036.495 2036.677 2036.812 2036.833 2036.845 2036.687 2036.644 2036.818 2036.778 2036.593 2036.479 2036.838 2037.392 2038.544 2039.442 2039.085 2037.973 2037.286 2036.785 2036.462 2036.371 2036.464 2036.984
