in/test_suite/Manuel_C003_0001/C003_0001_C_F.asc
ncols    419
nrows    278
xllcorner    0
yllcorner    0
cellsize    10
NODATA_value    -9999
[rows 0 to 33 of 278, columns 154 to 230 of 419]
0.006 0.000 0.000 0.000 0.000 0.001 0.007 0.002 0.000 0.000 0.000 0.000 0.000 0.000 0.000 0.000 0.000 0.000 0.000 0.000 0.000 0.000 0.000 0.000 0.000 0.000 0.000 0.000 0.000 0.000 0.000 0.000 0.000 0.000 0.000 0.000 0.000 0.000 0.000 0.000 0.000 0.000 0.000 0.000 0.000 0.000 0.000 0.000 0.000 0.000 0.000 0.000 0.000 0.000 0.000 0.000 0.000 0.000 0.000 0.000 0.000 0.000 0.000 0.000 0.000 0.000 0.000 0.000 0.000 0.000 0.000 0.000 0.000 0.000 0.000 0.000 0.000
0.014 0.014 0.013 0.012 0.010 0.008 0.015 0.009 0.003 0.002 0.002 0.001 0.000 0.000 0.000 0.000 0.000 0.000 0.000 0.000 0.000 0.000 0.000 0.000 0.000 0.000 0.000 0.000 0.000 0.000 0.000 0.000 0.000 0.000 0.000 0.000 0.000 0.000 0.000 0.000 0.000 0.000 0.000 0.000 0.000 0.000 0.000 0.000 0.000 0.000 0.000 0.000 0.000 0.000 0.000 0.000 0.000 0.000 0.000 0.000 0.000 0.000 0.000 0.000 0.000 0.000 0.000 0.000 0.000 0.000 0.000 0.000 0.000 0.000 0.000 0.000 0.000
0.030 0.031 0.031 0.030 0.026 0.023 0.022 0.017 0.014 0.010 0.009 0.003 0.000 0.000 0.000 0.000 0.000 0.000 0.000 0.000 0.000 0.000 0.000 0.000 0.000 0.000 0.000 0.000 0.000 0.000 0.000 0.000 0.000 0.000 0.000 0.000 0.000 0.000 0.000 0.000 0.000 0.000 0.000 0.000 0.000 0.000 0.000 0.000 0.000 0.000 0.000 0.000 0.000 0.000 0.000 0.000 0.000 0.000 0.000 0.000 0.000 0.000 0.000 0.000 0.000 0.000 0.000 0.000 0.000 0.000 0.000 0.000 0.000 0.000 0.000 0.000 0.000
0.012 0.014 0.052 0.069 0.058 0.053 0.061 0.014 0.012 0.009 0.010 0.002 0.000 0.000 0.000 0.000 0.000 0.000 0.000 0.000 0.000 0.000 0.000 0.000 0.000 0.000 0.000 0.000 0.000 0.000 0.000 0.000 0.000 0.000 0.000 0.000 0.000 0.000 0.000 0.000 0.000 0.000 0.000 0.000 0.000 0.000 0.000 0.000 0.000 0.000 0.000 0.000 0.000 0.000 0.000 0.000 0.000 0.000 0.000 0.000 0.000 0.000 0.000 0.000 0.000 0.000 0.000 0.000 0.000 0.000 0.000 0.000 0.000 0.000 0.000 0.000 0.000
0.046 0.042 0.112 0.123 0.097 0.105 0.112 0.040 0.001 0.002 0.002 0.002 0.000 0.000 0.000 0.000 0.000 0.000 0.000 0.000 0.000 0.000 0.000 0.000 0.000 0.000 0.000 0.001 0.000 0.000 0.000 0.000 0.000 0.000 0.000 0.000 0.000 0.000 0.000 0.000 0.000 0.000 0.000 0.000 0.000 0.000 0.000 0.000 0.000 0.000 0.000 0.000 0.000 0.000 0.000 0.000 0.000 0.000 0.000 0.000 0.000 0.000 0.000 0.000 0.000 0.000 0.000 0.000 0.000 0.000 0.000 0.000 0.000 0.000 0.000 0.000 0.000
0.128 0.137 0.172 0.177 0.170 0.162 0.163 0.099 0.061 0.043 0.039 0.010 0.017 0.015 0.014 0.006 0.005 0.004 0.003 0.002 0.001 0.000 0.000 0.000 0.000 0.000 0.001 0.003 0.001 0.000 0.000 0.000 0.000 0.000 0.000 0.000 0.000 0.000 0.000 0.000 0.000 0.000 0.000 0.000 0.000 0.000 0.000 0.000 0.000 0.000 0.000 0.000 0.000 0.000 0.000 0.000 0.000 0.000 0.000 0.000 0.000 0.000 0.000 0.000 0.000 0.000 0.000 0.000 0.000 0.000 0.000 0.000 0.000 0.000 0.000 0.000 0.000
0.229 0.240 0.258 0.253 0.246 0.238 0.229 0.189 0.149 0.110 0.063 0.006 0.027 0.046 0.038 0.028 0.019 0.017 0.003 0.011 0.015 0.015 0.014 0.008 0.008 0.003 0.004 0.006 0.004 0.001 0.000 0.000 0.000 0.000 0.000 0.000 0.000 0.000 0.000 0.000 0.000 0.000 0.000 0.000 0.000 0.000 0.000 0.000 0.000 0.000 0.000 0.000 0.000 0.000 0.000 0.000 0.000 0.000 0.000 0.000 0.000 0.000 0.000 0.000 0.000 0.000 0.000 0.000 0.000 0.000 0.000 0.000 0.000 0.000 0.000 0.000 0.000
0.326 0.336 0.333 0.330 0.325 0.334 0.340 0.293 0.253 0.216 0.082 0.003 0.029 0.084 0.052 0.044 0.041 0.016 0.002 0.012 0.036 0.033 0.031 0.022 0.011 0.002 0.004 0.009 0.006 0.003 0.001 0.000 0.000 0.000 0.000 0.000 0.000 0.000 0.000 0.000 0.000 0.000 0.000 0.000 0.000 0.000 0.000 0.000 0.000 0.000 0.000 0.000 0.000 0.000 0.000 0.000 0.000 0.000 0.000 0.000 0.000 0.000 0.000 0.000 0.000 0.000 0.000 0.000 0.000 0.000 0.000 0.000 0.000 0.000 0.000 0.000 0.000
0.438 0.446 0.440 0.434 0.431 0.450 0.452 0.403 0.360 0.323 0.180 0.013 0.086 0.135 0.082 0.065 0.088 0.051 0.001 0.035 0.077 0.053 0.048 0.032 0.014 0.001 0.004 0.004 0.004 0.002 0.003 0.002 0.000 0.000 0.004 0.000 0.000 0.000 0.000 0.000 0.000 0.000 0.000 0.000 0.000 0.000 0.000 0.000 0.000 0.000 0.000 0.000 0.000 0.000 0.000 0.000 0.000 0.000 0.000 0.000 0.000 0.000 0.000 0.000 0.000 0.000 0.000 0.000 0.000 0.000 0.000 0.000 0.000 0.000 0.000 0.000 0.000
0.573 0.578 0.566 0.563 0.562 0.571 0.563 0.588 0.521 0.429 0.290 0.172 0.144 0.185 0.132 0.114 0.134 0.093 0.067 0.080 0.117 0.093 0.083 0.062 0.040 0.018 0.007 0.005 0.003 0.004 0.015 0.012 0.000 0.005 0.012 0.003 0.000 0.007 0.007 0.000 0.001 0.009 0.000 0.000 0.000 0.000 0.000 0.000 0.000 0.000 0.000 0.000 0.000 0.000 0.000 0.000 0.000 0.000 0.000 0.000 0.000 0.000 0.000 0.000 0.000 0.000 0.000 0.000 0.000 0.000 0.000 0.000 0.000 0.000 0.000 0.000 0.000
0.708 0.709 0.701 0.693 0.693 0.706 0.753 0.781 0.706 0.576 0.443 0.331 0.299 0.235 0.180 0.167 0.182 0.177 0.168 0.159 0.159 0.150 0.141 0.131 0.108 0.082 0.053 0.045 0.038 0.028 0.028 0.023 0.017 0.014 0.020 0.011 0.006 0.017 0.016 0.009 0.011 0.019 0.009 0.003 0.002 0.001 0.000 0.000 0.000 0.000 0.000 0.006 0.007 0.000 0.000 0.000 0.000 0.000 0.000 0.000 0.000 0.000 0.000 0.000 0.000 0.000 0.000 0.000 0.000 0.000 0.000 0.000 0.000 0.000 0.000 0.000 0.000
0.826 0.833 0.830 0.826 0.834 0.881 0.928 0.974 0.884 0.743 0.603 0.490 0.411 0.314 0.229 0.219 0.236 0.254 0.248 0.244 0.230 0.198 0.190 0.200 0.172 0.147 0.117 0.063 0.051 0.045 0.038 0.041 0.036 0.032 0.027 0.010 0.007 0.026 0.030 0.035 0.029 0.028 0.022 0.020 0.018 0.017 0.017 0.014 0.012 0.011 0.010 0.013 0.013 0.007 0.004 0.003 0.003 0.001 0.001 0.001 0.000 0.000 0.000 0.000 0.000 0.000 0.000 0.000 0.000 0.000 0.000 0.000 0.000 0.000 0.000 0.000 0.000
0.873 0.881 0.879 0.884 0.898 0.922 0.977 0.990 0.967 0.834 0.700 0.616 0.522 0.422 0.323 0.303 0.314 0.326 0.331 0.343 0.325 0.260 0.258 0.293 0.254 0.211 0.152 0.085 0.019 0.013 0.087 0.069 0.050 0.043 0.026 0.009 0.008 0.030 0.055 0.061 0.054 0.033 0.024 0.024 0.024 0.034 0.034 0.031 0.024 0.024 0.024 0.023 0.021 0.017 0.013 0.010 0.008 0.006 0.003 0.003 0.001 0.000 0.000 0.000 0.000 0.000 0.000 0.000 0.000 0.000 0.000 0.000 0.000 0.000 0.000 0.000 0.000
0.920 0.925 0.939 0.958 0.971 0.974 0.962 0.938 0.920 0.884 0.809 0.734 0.655 0.561 0.477 0.458 0.464 0.465 0.452 0.443 0.420 0.383 0.361 0.386 0.341 0.304 0.250 0.176 0.101 0.071 0.145 0.120 0.077 0.066 0.042 0.019 0.018 0.039 0.064 0.087 0.065 0.039 0.012 0.010 0.071 0.071 0.051 0.044 0.026 0.010 0.011 0.031 0.041 0.035 0.030 0.017 0.007 0.005 0.003 0.003 0.001 0.000 0.000 0.000 0.000 0.000 0.000 0.000 0.000 0.000 0.000 0.000 0.000 0.000 0.000 0.000 0.000
0.967 0.984 1.008 1.032 1.044 1.031 1.038 1.029 1.004 0.971 0.927 0.852 0.778 0.714 0.630 0.617 0.609 0.594 0.580 0.566 0.545 0.524 0.503 0.482 0.446 0.410 0.373 0.314 0.234 0.197 0.204 0.170 0.131 0.162 0.144 0.131 0.135 0.151 0.170 0.158 0.154 0.121 0.089 0.070 0.123 0.117 0.093 0.077 0.054 0.032 0.021 0.059 0.066 0.056 0.041 0.025 0.009 0.001 0.002 0.002 0.001 0.000 0.000 0.000 0.000 0.000 0.000 0.000 0.000 0.000 0.000 0.000 0.000 0.000 0.000 0.000 0.000
1.000 1.028 1.054 1.081 1.099 1.083 1.092 1.109 1.078 1.048 1.018 0.976 0.913 0.849 0.784 0.764 0.749 0.733 0.719 0.690 0.668 0.651 0.629 0.604 0.592 0.553 0.505 0.442 0.367 0.334 0.284 0.219 0.184 0.216 0.258 0.249 0.254 0.267 0.248 0.235 0.239 0.231 0.201 0.184 0.176 0.175 0.165 0.155 0.137 0.114 0.091 0.086 0.091 0.107 0.057 0.039 0.023 0.006 0.001 0.001 0.000 0.000 0.000 0.000 0.000 0.000 0.000 0.000 0.000 0.000 0.000 0.000 0.000 0.000 0.000 0.000 0.000
1.027 1.055 1.081 1.102 1.122 1.136 1.146 1.159 1.122 1.091 1.074 1.054 1.006 0.945 0.896 0.876 0.863 0.850 0.838 0.811 0.790 0.778 0.751 0.726 0.715 0.689 0.625 0.561 0.497 0.428 0.354 0.281 0.238 0.283 0.329 0.368 0.376 0.401 0.337 0.313 0.318 0.323 0.314 0.297 0.262 0.217 0.209 0.201 0.210 0.192 0.170 0.148 0.145 0.162 0.107 0.049 0.035 0.020 0.004 0.000 0.000 0.000 0.000 0.000 0.000 0.000 0.000 0.000 0.000 0.000 0.000 0.000 0.000 0.000 0.000 0.000 0.000
1.054 1.081 1.109 1.132 1.151 1.167 1.198 1.208 1.171 1.149 1.141 1.119 1.087 1.050 1.004 0.984 0.967 0.958 0.946 0.931 0.915 0.910 0.877 0.849 0.833 0.805 0.754 0.691 0.641 0.595 0.517 0.439 0.405 0.441 0.479 0.504 0.509 0.534 0.464 0.421 0.420 0.420 0.421 0.384 0.330 0.280 0.240 0.255 0.265 0.265 0.247 0.231 0.215 0.213 0.150 0.079 0.018 0.004 0.000 0.000 0.000 0.000 0.000 0.000 0.000 0.000 0.000 0.000 0.000 0.000 0.000 0.000 0.000 0.000 0.000 0.000 0.000
1.081 1.108 1.135 1.163 1.180 1.192 1.234 1.257 1.238 1.223 1.208 1.185 1.147 1.144 1.113 1.086 1.061 1.066 1.054 1.027 1.048 1.042 1.007 0.960 0.949 0.919 0.873 0.837 0.790 0.743 0.699 0.637 0.609 0.642 0.660 0.659 0.659 0.663 0.626 0.604 0.583 0.584 0.590 0.536 0.475 0.419 0.351 0.311 0.320 0.300 0.250 0.241 0.232 0.203 0.138 0.074 0.009 0.000 0.000 0.000 0.000 0.000 0.000 0.000 0.000 0.000 0.000 0.000 0.000 0.000 0.000 0.000 0.000 0.000 0.000 0.000 0.000
1.115 1.134 1.162 1.184 1.204 1.217 1.260 1.279 1.281 1.268 1.257 1.245 1.206 1.207 1.207 1.169 1.146 1.162 1.148 1.112 1.140 1.173 1.105 1.054 1.060 1.035 1.005 0.976 0.938 0.885 0.835 0.835 0.812 0.808 0.848 0.860 0.855 0.795 0.796 0.776 0.756 0.753 0.760 0.701 0.616 0.542 0.476 0.411 0.352 0.298 0.248 0.202 0.172 0.130 0.066 0.001 0.000 0.000 0.000 0.000 0.000 0.000 0.000 0.000 0.000 0.000 0.000 0.000 0.000 0.000 0.000 0.000 0.000 0.000 0.000 0.000 0.000
1.150 1.166 1.185 1.205 1.224 1.242 1.259 1.277 1.295 1.295 1.289 1.282 1.266 1.263 1.256 1.250 1.232 1.230 1.222 1.196 1.228 1.221 1.195 1.149 1.148 1.125 1.100 1.075 1.053 1.014 0.968 0.979 0.971 0.942 0.988 1.065 0.990 0.921 0.941 0.941 0.936 0.932 0.930 0.854 0.750 0.646 0.576 0.444 0.492 0.562 0.495 0.151 0.101 0.057 0.000 0.000 0.000 0.000 0.000 0.000 0.000 0.000 0.000 0.000 0.000 0.000 0.000 0.000 0.000 0.000 0.000 0.000 0.000 0.000 0.000 0.000 0.000
1.182 1.184 1.210 1.241 1.257 1.262 1.269 1.286 1.294 1.358 1.377 1.366 1.292 1.307 1.301 1.295 1.321 1.310 1.298 1.270 1.261 1.254 1.246 1.233 1.210 1.188 1.166 1.144 1.126 1.125 1.101 1.097 1.091 1.075 1.121 1.117 1.109 1.047 1.072 1.043 1.012 1.017 0.999 0.868 0.777 0.686 0.596 0.427 0.500 0.735 0.455 0.091 0.039 0.000 0.000 0.000 0.000 0.000 0.000 0.000 0.000 0.000 0.000 0.000 0.000 0.000 0.000 0.000 0.000 0.000 0.000 0.000 0.000 0.000 0.000 0.000 0.000
1.199 1.199 1.228 1.256 1.257 1.266 1.275 1.285 1.283 1.353 1.469 1.396 1.300 1.330 1.339 1.306 1.348 1.432 1.390 1.268 1.295 1.293 1.269 1.306 1.357 1.329 1.274 1.216 1.199 1.198 1.247 1.247 1.235 1.193 1.178 1.171 1.165 1.180 1.216 1.178 1.071 1.025 0.989 0.822 0.689 0.737 0.662 0.411 0.481 0.517 0.338 0.033 0.000 0.000 0.000 0.000 0.000 0.000 0.000 0.000 0.000 0.000 0.000 0.000 0.000 0.000 0.000 0.000 0.000 0.000 0.000 0.000 0.000 0.000 0.000 0.000 0.000
1.225 1.215 1.229 1.233 1.223 1.226 1.241 1.259 1.271 1.348 1.375 1.395 1.309 1.333 1.335 1.314 1.365 1.444 1.388 1.273 1.302 1.310 1.271 1.318 1.452 1.437 1.383 1.321 1.277 1.328 1.379 1.430 1.371 1.207 1.232 1.248 1.271 1.317 1.360 1.314 1.173 1.025 0.975 0.809 0.793 0.823 0.728 0.422 0.263 0.298 0.105 0.000 0.000 0.000 0.000 0.000 0.000 0.000 0.000 0.000 0.000 0.000 0.000 0.000 0.000 0.000 0.000 0.000 0.000 0.000 0.000 0.000 0.000 0.000 0.000 0.000 0.000
1.251 1.230 1.206 1.210 1.200 1.186 1.197 1.217 1.239 1.261 1.277 1.293 1.307 1.310 1.312 1.314 1.344 1.381 1.343 1.280 1.284 1.280 1.273 1.331 1.376 1.352 1.301 1.255 1.244 1.285 1.348 1.386 1.386 1.222 1.259 1.264 1.304 1.364 1.424 1.338 1.208 1.078 0.955 0.966 0.950 0.934 0.729 0.297 0.128 0.078 0.000 0.000 0.000 0.000 0.000 0.000 0.000 0.000 0.000 0.000 0.000 0.000 0.000 0.000 0.000 0.000 0.000 0.000 0.000 0.000 0.000 0.000 0.000 0.000 0.000 0.000 0.000
1.263 1.236 1.209 1.187 1.178 1.163 1.139 1.159 1.199 1.220 1.236 1.252 1.265 1.272 1.274 1.281 1.285 1.317 1.274 1.238 1.221 1.220 1.222 1.244 1.289 1.260 1.231 1.209 1.201 1.227 1.240 1.247 1.256 1.237 1.231 1.216 1.206 1.253 1.293 1.161 0.990 0.866 0.757 0.665 0.677 0.633 0.537 0.172 0.023 0.000 0.000 0.000 0.000 0.000 0.000 0.000 0.000 0.000 0.000 0.000 0.000 0.000 0.000 0.000 0.000 0.000 0.000 0.000 0.000 0.000 0.000 0.000 0.000 0.000 0.000 0.000 0.000
1.206 1.193 1.169 1.163 1.156 1.140 1.123 1.119 1.160 1.179 1.194 1.209 1.222 1.230 1.240 1.248 1.252 1.255 1.220 1.185 1.150 1.142 1.159 1.177 1.202 1.186 1.181 1.163 1.158 1.177 1.194 1.202 1.205 1.195 1.183 1.168 1.155 1.124 1.160 1.013 0.882 0.797 0.667 0.536 0.356 0.242 0.128 0.018 0.000 0.000 0.000 0.000 0.000 0.000 0.000 0.000 0.000 0.000 0.000 0.000 0.000 0.000 0.000 0.000 0.000 0.000 0.000 0.000 0.000 0.000 0.000 0.000 0.000 0.000 0.000 0.000 0.000
1.142 1.148 1.143 1.137 1.132 1.127 1.123 1.119 1.120 1.137 1.152 1.167 1.179 1.192 1.205 1.215 1.217 1.209 1.198 1.162 1.124 1.106 1.119 1.134 1.140 1.138 1.131 1.113 1.112 1.129 1.145 1.159 1.150 1.140 1.130 1.113 1.083 1.053 1.027 0.968 0.950 0.931 0.834 0.489 0.227 0.113 0.000 0.000 0.000 0.000 0.000 0.000 0.000 0.000 0.000 0.000 0.000 0.000 0.000 0.000 0.000 0.000 0.000 0.000 0.000 0.000 0.000 0.000 0.000 0.000 0.000 0.000 0.000 0.000 0.000 0.000 0.000
1.113 1.107 1.102 1.096 1.098 1.105 1.106 1.103 1.106 1.069 1.086 1.104 1.140 1.155 1.168 1.182 1.185 1.174 1.164 1.140 1.100 1.085 1.088 1.090 1.089 1.088 1.082 1.083 1.084 1.089 1.100 1.093 1.086 1.077 1.065 1.009 0.939 0.914 0.976 0.776 0.780 0.784 0.696 0.343 0.099 0.000 0.000 0.000 0.000 0.000 0.000 0.000 0.000 0.000 0.000 0.000 0.000 0.000 0.000 0.000 0.000 0.000 0.000 0.000 0.000 0.000 0.000 0.000 0.000 0.000 0.000 0.000 0.000 0.000 0.000 0.000 0.000
1.085 1.078 1.071 1.076 1.081 1.086 1.090 1.092 1.094 1.039 1.012 1.048 1.084 1.119 1.134 1.150 1.171 1.171 1.146 1.113 1.077 1.065 1.044 1.019 1.019 1.023 1.046 1.044 1.047 1.050 1.037 1.030 1.023 1.010 0.996 0.934 0.819 0.863 0.968 0.693 0.472 0.374 0.275 0.177 0.000 0.000 0.000 0.000 0.000 0.000 0.000 0.000 0.000 0.000 0.000 0.000 0.000 0.000 0.000 0.000 0.000 0.000 0.000 0.000 0.000 0.000 0.000 0.000 0.000 0.000 0.000 0.000 0.000 0.000 0.000 0.000 0.000
1.063 1.064 1.067 1.077 1.091 1.097 1.114 1.089 1.080 1.031 1.013 1.037 1.070 1.093 1.102 1.119 1.139 1.145 1.114 1.081 1.049 1.026 0.999 0.972 0.954 0.993 1.013 1.002 1.002 1.006 0.987 0.971 0.941 0.918 0.928 0.860 0.711 0.829 0.960 0.645 0.303 0.187 0.071 0.000 0.000 0.000 0.000 0.000 0.000 0.000 0.000 0.000 0.000 0.000 0.000 0.000 0.000 0.000 0.000 0.000 0.000 0.000 0.000 0.000 0.000 0.000 0.000 0.000 0.000 0.000 0.000 0.000 0.000 0.000 0.000 0.000 0.000
1.034 1.057 1.067 1.077 1.096 1.121 1.137 1.110 1.075 1.041 1.026 1.043 1.058 1.073 1.079 1.087 1.101 1.103 1.078 1.047 1.019 1.007 0.988 0.968 0.961 0.963 0.980 0.970 0.960 0.962 0.942 0.893 0.846 0.825 0.833 0.747 0.595 0.734 0.879 0.497 0.172 0.056 0.000 0.000 0.000 0.000 0.000 0.000 0.000 0.000 0.000 0.000 0.000 0.000 0.000 0.000 0.000 0.000 0.000 0.000 0.000 0.000 0.000 0.000 0.000 0.000 0.000 0.000 0.000 0.000 0.000 0.000 0.000 0.000 0.000 0.000 0.000
1.024 1.046 1.063 1.081 1.109 1.138 1.161 1.127 1.089 1.050 1.039 1.038 1.040 1.052 1.058 1.058 1.061 1.060 1.037 1.017 0.990 0.978 0.975 0.971 0.965 0.959 0.954 0.942 0.930 0.919 0.866 0.811 0.756 0.718 0.647 0.575 0.479 0.578 0.595 0.343 0.042 0.000 0.000 0.000 0.000 0.000 0.000 0.000 0.000 0.000 0.000 0.000 0.000 0.000 0.000 0.000 0.000 0.000 0.000 0.000 0.000 0.000 0.000 0.000 0.000 0.000 0.000 0.000 0.000 0.000 0.000 0.000 0.000 0.000 0.000 0.000 0.000
1.014 1.036 1.051 1.065 1.092 1.123 1.145 1.113 1.078 1.042 1.031 1.025 1.028 1.032 1.031 1.031 1.029 1.020 1.000 0.981 0.960 0.956 0.957 0.958 0.953 0.937 0.941 0.948 0.930 0.837 0.845 0.786 0.757 0.797 0.734 0.639 0.449 0.311 0.310 0.058 0.000 0.000 0.000 0.000 0.000 0.000 0.000 0.000 0.000 0.000 0.000 0.000 0.000 0.000 0.000 0.000 0.000 0.000 0.000 0.000 0.000 0.000 0.000 0.000 0.000 0.000 0.000 0.000 0.000 0.000 0.000 0.000 0.000 0.000 0.000 0.000 0.000
