in/test_suite/Manuel_C003_0001/C003_0001_C_S.asc
ncols    419
nrows    278
xllcorner    0
yllcorner    0
cellsize    10
NODATA_value    -9999
[rows 136 to 169 of 278, columns 0 to 75 of 419]
17.976 17.939 17.933 17.932 17.932 17.923 18.073 18.275 18.465 18.582 18.778 18.911 19.012 19.081 19.235 19.289 19.350 19.507 19.562 19.621 19.651 19.697 19.735 19.757 19.778 19.765 19.722 19.679 19.640 19.550 19.487 19.423 19.434 19.351 19.267 19.260 18.903 18.747 18.590 18.597 18.486 18.289 18.226 17.661 17.216 16.978 16.875 16.220 15.628 14.833 14.032 13.234 12.039 10.836 9.632 8.365 7.065 5.394 3.502 2.784 2.196 1.349 0.718 0.441 0.208 0.046 0.000 0.000 0.000 0.000 0.000 0.000 0.000 0.000 0.000 0.000
18.519 18.507 18.534 18.529 18.520 18.566 18.789 18.980 19.172 19.346 19.534 19.662 19.774 19.946 20.100 20.187 20.283 20.400 20.447 20.462 20.520 20.598 20.676 20.708 20.764 20.729 20.650 20.610 20.736 20.655 20.603 20.535 20.420 20.330 20.247 20.234 20.072 19.926 19.779 19.581 19.378 19.176 18.973 18.620 18.236 17.851 17.448 16.856 16.263 15.652 14.856 14.065 12.803 11.585 10.439 9.083 7.575 5.870 4.031 2.924 2.319 1.432 0.680 0.498 0.269 0.046 0.000 0.000 0.000 0.000 0.000 0.000 0.000 0.000 0.000 0.000
19.090 19.121 19.149 19.176 19.226 19.313 19.570 19.785 20.005 20.161 20.291 20.432 20.623 20.815 20.964 21.063 21.178 21.293 21.333 21.410 21.509 21.579 21.648 21.700 21.764 21.719 21.631 21.733 21.847 21.761 21.670 21.543 21.428 21.312 21.316 21.380 21.173 21.000 20.789 20.565 20.347 20.150 20.030 19.632 19.243 18.865 18.400 17.775 17.161 16.462 15.686 14.868 13.606 12.410 11.289 9.901 8.253 6.407 4.577 3.483 2.353 1.126 0.450 0.501 0.299 0.030 0.000 0.000 0.000 0.000 0.000 0.000 0.000 0.000 0.000 0.000
19.609 19.674 19.705 19.775 19.961 20.059 20.319 20.605 20.842 20.991 21.109 21.272 21.464 21.657 21.898 21.998 22.099 22.199 22.302 22.412 22.521 22.615 22.665 22.714 22.765 22.756 22.817 22.878 22.957 22.970 22.965 22.790 22.660 22.554 22.461 22.510 22.302 22.185 21.922 21.683 21.438 21.211 21.091 20.675 20.259 19.894 19.413 18.776 18.049 17.276 16.504 15.671 14.479 13.303 12.141 10.691 8.828 6.965 5.147 3.889 2.303 0.820 0.221 0.251 0.267 0.014 0.000 0.000 0.000 0.000 0.000 0.000 0.000 0.000 0.000 0.000
20.109 20.200 20.303 20.379 20.585 20.812 21.098 21.384 21.670 21.839 21.980 22.122 22.291 22.421 22.678 23.122 23.223 23.047 23.224 23.359 23.456 23.592 23.835 23.872 23.808 23.899 23.964 24.029 24.124 24.301 24.278 24.078 23.931 23.838 23.744 23.656 23.624 23.496 23.183 22.919 22.648 22.364 22.143 21.729 21.324 20.924 20.426 19.769 19.106 18.347 17.551 16.486 15.371 14.196 12.888 11.145 9.295 7.445 5.689 4.061 2.444 0.826 0.035 0.018 0.002 0.000 0.000 0.000 0.000 0.000 0.000 0.000 0.000 0.000 0.000 0.000
20.614 20.750 20.886 20.989 21.193 21.392 21.623 21.925 22.226 22.458 22.620 22.782 23.021 23.147 23.429 23.932 24.033 23.837 24.041 24.271 24.286 24.448 24.897 24.959 24.740 24.885 25.075 25.050 25.133 25.607 25.591 25.160 25.097 25.076 24.950 24.795 24.953 24.808 24.480 24.136 23.858 23.573 23.316 22.969 22.543 22.117 21.500 20.822 20.144 19.439 18.401 17.285 16.208 14.871 13.138 11.406 9.650 7.918 6.260 4.602 2.979 1.212 0.398 0.297 0.270 0.122 0.000 0.000 0.000 0.000 0.000 0.000 0.000 0.000 0.000 0.000
21.115 21.257 21.398 21.557 21.787 21.987 22.187 22.432 22.731 22.958 23.162 23.441 23.694 23.858 24.124 24.349 24.574 24.627 24.843 25.039 25.117 25.305 25.628 25.798 25.672 25.845 25.975 26.026 26.141 26.571 26.645 26.211 26.179 26.212 26.030 25.902 26.121 26.068 25.747 25.411 25.068 24.817 24.573 24.329 23.947 23.204 22.622 22.077 21.345 20.502 20.026 18.915 17.455 15.772 14.059 12.279 10.214 8.152 6.524 4.897 3.326 1.548 0.830 0.586 0.335 0.204 0.073 0.000 0.000 0.000 0.000 0.000 0.000 0.000 0.000 0.000
21.553 21.714 21.849 22.014 22.347 22.562 22.668 22.918 23.237 23.455 23.655 24.121 24.367 24.469 24.653 24.887 25.100 25.361 25.619 25.807 25.890 26.011 26.267 26.429 26.553 26.692 26.801 26.917 27.057 27.153 27.249 27.262 27.193 27.135 27.077 27.009 26.982 26.856 26.637 26.315 26.186 25.794 25.569 25.343 24.968 24.266 23.700 23.144 22.385 21.566 21.089 20.113 18.323 16.652 15.067 12.999 10.832 8.572 6.562 4.768 3.223 1.884 1.175 0.723 0.271 0.057 0.000 0.000 0.000 0.000 0.000 0.000 0.000 0.000 0.000 0.000
21.988 22.147 22.293 22.471 22.804 23.029 23.119 23.384 23.710 23.912 24.133 24.646 24.954 24.922 25.129 25.491 25.766 26.066 26.366 26.575 26.669 26.764 26.906 27.090 27.419 27.748 27.861 27.800 27.759 27.939 28.020 27.977 28.327 28.248 28.169 27.908 27.786 27.645 27.491 27.424 27.293 26.869 26.489 26.250 25.857 25.309 24.676 24.006 23.337 22.629 21.635 20.483 19.191 17.533 16.247 13.691 11.448 9.140 6.700 4.635 3.119 1.640 1.124 0.691 0.259 0.000 0.000 0.000 0.000 0.000 0.000 0.000 0.000 0.000 0.000 0.000
22.413 22.569 22.724 22.916 23.139 23.362 23.570 23.823 24.085 24.348 24.611 24.979 25.240 25.374 25.605 25.868 26.114 26.441 26.767 27.024 27.159 27.285 27.444 27.717 28.083 28.450 28.708 28.372 28.372 28.709 28.712 28.589 29.168 29.515 28.936 28.634 28.736 28.556 28.216 28.422 28.395 27.964 27.525 27.158 26.746 26.352 26.032 25.324 24.616 23.442 22.383 21.181 19.979 18.751 17.466 14.823 11.994 9.518 7.084 4.706 2.785 1.095 0.731 0.507 0.196 0.000 0.000 0.000 0.000 0.000 0.000 0.000 0.000 0.000 0.000 0.000
22.751 22.909 23.064 23.240 23.474 23.697 23.904 24.201 24.463 24.726 24.956 25.217 25.469 25.722 25.974 26.209 26.445 26.697 27.006 27.254 27.414 27.594 27.844 28.040 28.321 28.597 28.821 28.945 28.985 29.147 29.282 29.213 29.776 29.868 29.619 29.359 29.407 29.281 28.941 29.185 29.226 28.870 28.467 28.064 27.733 27.461 27.189 26.810 25.401 24.190 23.428 22.321 21.122 19.923 18.685 15.831 12.836 9.896 7.468 4.976 2.441 0.550 0.279 0.289 0.179 0.000 0.000 0.000 0.000 0.000 0.000 0.000 0.000 0.000 0.000 0.000
23.101 23.233 23.369 23.552 23.802 24.013 24.200 24.526 24.844 25.010 25.216 25.546 25.793 25.966 26.312 26.601 26.788 26.921 27.245 27.484 27.709 27.993 28.244 28.436 28.601 28.791 29.000 29.209 29.449 29.573 29.697 29.803 29.873 29.943 30.032 29.995 29.907 29.820 29.666 29.648 29.496 29.344 28.959 28.794 28.326 27.909 27.581 26.939 26.111 24.939 23.949 22.588 21.442 20.320 18.326 15.607 12.751 9.895 7.473 4.989 2.505 0.132 0.000 0.005 0.022 0.000 0.000 0.000 0.000 0.000 0.000 0.000 0.000 0.000 0.000 0.000
23.391 23.534 23.675 23.865 24.089 24.303 24.496 24.832 25.067 25.259 25.476 25.799 26.032 26.205 26.564 26.887 26.992 27.140 27.472 27.770 28.073 28.363 28.644 28.805 28.962 29.120 29.301 29.385 29.765 30.125 30.220 30.261 30.304 30.375 30.350 30.561 30.604 30.503 30.142 30.134 29.962 29.795 29.722 29.578 29.082 28.440 27.754 27.075 26.395 25.457 24.023 22.662 21.304 19.129 16.585 14.041 11.287 10.857 8.142 4.330 2.138 1.075 0.012 0.000 0.000 0.000 0.000 0.000 0.000 0.000 0.000 0.000 0.000 0.000 0.000 0.000
23.668 23.813 23.959 24.141 24.356 24.572 24.785 25.011 25.241 25.471 25.724 26.017 26.248 26.443 26.725 26.951 27.177 27.360 27.638 27.868 28.127 28.430 28.689 28.859 29.038 29.232 29.457 29.559 29.965 30.378 30.484 30.553 30.622 30.691 30.596 30.837 31.255 30.906 30.511 30.602 30.582 30.513 30.443 30.363 29.806 29.106 28.406 27.723 26.828 26.257 25.526 24.079 21.815 19.388 16.696 14.139 12.781 12.203 9.243 4.934 2.295 1.352 0.410 0.000 0.000 0.000 0.000 0.000 0.000 0.000 0.000 0.000 0.000 0.000 0.000 0.000
23.913 24.061 24.183 24.375 24.606 24.816 25.003 25.192 25.422 25.672 25.948 26.236 26.461 26.563 26.818 27.041 27.265 27.518 27.781 28.008 28.209 28.441 28.695 28.862 29.056 29.295 29.519 29.730 30.030 30.320 30.453 30.546 30.732 30.851 30.842 31.099 31.292 31.222 30.880 30.905 30.776 30.708 30.680 30.614 30.047 29.392 28.736 28.107 27.094 26.578 26.479 24.278 22.032 19.786 17.726 16.367 15.009 13.650 10.563 6.573 2.583 0.290 0.000 0.000 0.000 0.000 0.000 0.000 0.000 0.000 0.000 0.000 0.000 0.000 0.000 0.000
24.152 24.280 24.403 24.602 24.805 24.976 25.173 25.370 25.586 25.875 26.165 26.454 26.556 26.615 26.898 27.155 27.411 27.667 27.924 28.137 28.306 28.474 28.700 28.859 29.075 29.358 29.580 29.776 29.975 30.256 30.389 30.657 30.882 30.991 31.020 31.123 31.315 31.229 31.216 31.064 30.913 30.766 30.663 30.565 29.970 29.326 28.910 28.311 27.360 26.833 26.197 22.854 20.111 17.619 14.682 12.444 11.486 10.807 7.945 4.300 0.655 0.000 0.000 0.000 0.000 0.000 0.000 0.000 0.000 0.000 0.000 0.000 0.000 0.000 0.000 0.000
24.366 24.495 24.623 24.777 24.906 25.059 25.239 25.446 25.658 25.889 26.179 26.386 26.587 26.674 26.946 27.163 27.409 27.678 27.935 28.129 28.309 28.489 28.689 28.844 29.071 29.386 29.602 29.804 30.005 30.205 30.478 30.751 31.024 31.136 31.178 31.220 31.322 31.352 31.474 31.549 31.397 30.864 30.617 30.515 29.888 29.367 29.147 28.514 27.540 26.550 25.914 22.377 18.993 16.849 13.482 10.115 7.370 6.887 3.835 0.190 0.000 0.000 0.000 0.000 0.000 0.000 0.000 0.000 0.000 0.000 0.000 0.000 0.000 0.000 0.000 0.000
24.580 24.708 24.803 24.879 25.008 25.162 25.333 25.533 25.745 25.953 26.122 26.319 26.516 26.717 26.932 27.148 27.364 27.601 27.840 28.030 28.210 28.423 28.638 28.830 29.066 29.284 29.467 29.658 29.859 30.069 30.321 30.611 30.897 31.052 31.116 31.178 31.291 31.373 31.524 31.675 31.438 30.800 30.585 30.429 29.801 29.315 29.255 28.678 27.626 26.574 25.631 21.269 17.826 20.810 17.947 12.141 5.881 2.966 0.000 0.000 0.000 0.000 0.000 0.000 0.000 0.000 0.000 0.000 0.000 0.000 0.000 0.000 0.000 0.000 0.000 0.000
24.771 24.869 24.952 25.027 25.111 25.284 25.458 25.631 25.825 25.980 26.134 26.309 26.481 26.652 26.935 27.150 27.341 27.518 27.745 27.931 28.150 28.374 28.586 28.771 28.952 29.168 29.348 29.519 29.714 29.925 30.161 30.414 30.694 30.838 30.928 31.081 31.216 31.180 31.272 31.165 31.057 30.737 30.482 30.105 29.714 29.262 28.642 27.477 26.460 25.502 23.203 19.630 16.659 19.643 16.211 10.415 4.619 0.000 0.000 0.000 0.000 0.000 0.000 0.000 0.000 0.000 0.000 0.000 0.000 0.000 0.000 0.000 0.000 0.000 0.000 0.000
24.833 24.873 24.939 25.023 25.123 25.272 25.456 25.623 25.751 25.912 26.076 26.253 26.406 26.586 26.879 27.090 27.276 27.462 27.648 27.877 28.100 28.324 28.519 28.644 28.831 29.052 29.229 29.401 29.572 29.782 30.011 30.236 30.492 30.624 30.820 31.018 31.141 31.097 31.010 30.882 30.748 30.545 30.337 29.933 29.529 28.828 27.570 26.312 25.054 22.447 19.673 16.900 14.850 11.303 7.757 3.880 0.000 0.000 0.000 0.000 0.000 0.000 0.000 0.000 0.000 0.000 0.000 0.000 0.000 0.000 0.000 0.000 0.000 0.000 0.000 0.000
24.864 24.903 24.943 25.023 25.126 25.263 25.394 25.523 25.651 25.780 25.960 26.148 26.321 26.521 26.719 26.907 27.094 27.285 27.506 27.699 27.930 28.154 28.364 28.517 28.710 28.912 29.095 29.268 29.441 29.614 29.842 30.070 30.299 30.498 30.713 30.928 31.050 30.964 30.877 30.790 30.566 30.260 30.308 30.074 29.142 28.395 27.810 26.552 23.403 24.646 21.776 17.587 11.566 7.982 4.006 1.144 0.000 0.000 0.000 0.000 0.000 0.000 0.000 0.000 0.000 0.000 0.000 0.000 0.000 0.000 0.000 0.000 0.000 0.000 0.000 0.000
24.906 24.946 24.989 25.032 25.128 25.235 25.318 25.424 25.552 25.652 25.856 26.042 26.213 26.343 26.536 26.724 26.920 27.143 27.362 27.554 27.747 27.955 28.164 28.372 28.564 28.752 28.940 29.122 29.279 29.451 29.646 29.876 30.113 30.235 30.426 30.618 30.692 30.614 30.541 30.536 30.281 29.993 30.044 29.610 28.501 27.801 27.253 24.658 21.497 23.031 22.822 15.059 9.324 6.332 4.060 2.515 0.969 0.000 0.000 0.000 0.000 0.000 0.000 0.000 0.000 0.000 0.000 0.000 0.000 0.000 0.000 0.000 0.000 0.000 0.000 0.000
24.904 24.927 24.977 25.027 25.060 25.146 25.235 25.325 25.421 25.514 25.730 25.922 26.002 26.140 26.351 26.554 26.777 27.000 27.218 27.407 27.594 27.786 27.995 28.163 28.469 28.667 28.844 28.970 29.114 29.288 29.481 29.689 29.926 30.041 30.122 30.272 30.330 30.248 30.252 30.283 30.006 29.726 29.530 29.012 27.867 26.733 24.512 22.292 19.721 20.044 17.926 12.531 7.082 4.490 2.816 1.446 0.075 0.000 0.000 0.000 0.000 0.000 0.000 0.000 0.000 0.000 0.000 0.000 0.000 0.000 0.000 0.000 0.000 0.000 0.000 0.000
24.870 24.877 24.899 24.921 24.944 24.985 25.075 25.178 25.280 25.382 25.571 25.688 25.791 25.937 26.131 26.312 26.543 26.775 26.992 27.192 27.387 27.583 27.779 27.941 28.257 28.565 28.701 28.832 28.958 29.128 29.328 29.527 29.736 29.810 29.868 29.926 29.969 29.981 30.002 30.030 29.721 29.324 28.988 28.413 26.692 26.821 24.479 21.991 17.875 15.213 12.870 7.958 5.312 2.881 1.271 0.000 0.000 0.000 0.000 0.000 0.000 0.000 0.000 0.000 0.000 0.000 0.000 0.000 0.000 0.000 0.000 0.000 0.000 0.000 0.000 0.000
24.835 24.840 24.773 24.803 24.828 24.865 24.908 25.013 25.118 25.210 25.327 25.444 25.562 25.711 25.892 26.071 26.258 26.474 26.687 26.895 27.096 27.312 27.528 27.718 28.014 28.244 28.398 28.534 28.689 28.859 29.059 29.267 29.438 29.486 29.551 29.617 29.635 29.668 29.700 29.716 29.235 28.876 28.517 27.043 24.366 24.763 26.213 21.757 16.595 11.434 7.814 5.616 3.508 1.272 0.000 0.000 0.000 0.000 0.000 0.000 0.000 0.000 0.000 0.000 0.000 0.000 0.000 0.000 0.000 0.000 0.000 0.000 0.000 0.000 0.000 0.000
24.789 24.692 24.628 24.675 24.710 24.739 24.769 24.820 24.898 24.964 25.084 25.201 25.299 25.431 25.602 25.784 25.973 26.169 26.381 26.601 26.855 27.071 27.284 27.453 27.697 27.922 28.079 28.266 28.432 28.599 28.765 28.939 29.096 29.131 29.190 29.303 29.298 29.239 29.249 29.173 28.305 27.882 27.878 25.601 22.041 22.705 20.516 17.297 12.382 7.725 5.561 3.480 1.398 0.000 0.000 0.000 0.000 0.000 0.000 0.000 0.000 0.000 0.000 0.000 0.000 0.000 0.000 0.000 0.000 0.000 0.000 0.000 0.000 0.000 0.000 0.000
24.545 24.538 24.483 24.514 24.525 24.554 24.588 24.600 24.649 24.719 24.838 24.935 25.028 25.163 25.309 25.490 25.683 25.877 26.093 26.347 26.602 26.855 27.011 27.136 27.381 27.601 27.763 27.985 28.223 28.386 28.495 28.606 28.754 28.792 28.873 28.989 28.972 28.726 28.757 28.631 27.762 27.321 27.518 24.955 20.385 16.563 13.514 10.465 7.597 5.369 3.214 1.133 0.000 0.000 0.000 0.000 0.000 0.000 0.000 0.000 0.000 0.000 0.000 0.000 0.000 0.000 0.000 0.000 0.000 0.000 0.000 0.000 0.000 0.000 0.000 0.000
24.315 24.313 24.321 24.331 24.341 24.352 24.356 24.358 24.404 24.472 24.560 24.656 24.757 24.879 24.968 25.137 25.327 25.512 25.718 25.970 26.233 26.473 26.687 26.820 27.065 27.276 27.448 27.677 27.946 28.088 28.202 28.316 28.417 28.464 28.549 28.673 28.445 28.055 28.172 28.088 27.719 27.413 27.158 24.228 18.975 13.722 10.144 7.399 5.215 3.014 0.867 0.000 0.000 0.000 0.000 0.000 0.000 0.000 0.000 0.000 0.000 0.000 0.000 0.000 0.000 0.000 0.000 0.000 0.000 0.000 0.000 0.000 0.000 0.000 0.000 0.000
24.119 24.097 24.110 24.165 24.175 24.145 24.113 24.117 24.163 24.208 24.280 24.376 24.449 24.538 24.630 24.800 24.961 25.138 25.347 25.589 25.821 26.049 26.280 26.501 26.710 26.920 27.129 27.356 27.592 27.732 27.851 27.956 28.052 28.136 28.226 28.300 27.800 27.389 27.536 26.795 24.825 24.794 24.570 20.848 15.844 10.841 7.169 4.989 2.810 0.630 0.000 0.000 0.000 0.000 0.000 0.000 0.000 0.000 0.000 0.000 0.000 0.000 0.000 0.000 0.000 0.000 0.000 0.000 0.000 0.000 0.000 0.000 0.000 0.000 0.000 0.000
23.894 23.867 23.887 23.957 23.931 23.905 23.880 23.867 23.918 23.965 24.010 24.057 24.084 24.183 24.293 24.452 24.607 24.764 24.977 25.212 25.446 25.676 25.906 26.137 26.351 26.561 26.777 27.002 27.238 27.372 27.520 27.635 27.723 27.812 27.844 27.905 27.363 26.789 27.209 26.178 21.784 20.017 19.208 15.245 10.270 6.940 4.711 2.532 0.352 0.000 0.000 0.000 0.000 0.000 0.000 0.000 0.000 0.000 0.000 0.000 0.000 0.000 0.000 0.000 0.000 0.000 0.000 0.000 0.000 0.000 0.000 0.000 0.000 0.000 0.000 0.000
23.643 23.635 23.650 23.645 23.605 23.569 23.556 23.560 23.574 23.625 23.662 23.691 23.718 23.823 23.942 24.080 24.237 24.398 24.604 24.838 25.072 25.301 25.541 25.771 25.988 26.210 26.434 26.658 26.884 27.035 27.194 27.367 27.469 27.474 27.479 27.510 27.067 26.940 26.881 25.562 20.777 15.605 13.845 9.633 6.698 4.479 2.254 0.074 0.000 0.000 0.000 0.000 0.000 0.000 0.000 0.000 0.000 0.000 0.000 0.000 0.000 0.000 0.000 0.000 0.000 0.000 0.000 0.000 0.000 0.000 0.000 0.000 0.000 0.000 0.000 0.000
23.393 23.374 23.338 23.332 23.290 23.245 23.240 23.247 23.253 23.257 23.288 23.320 23.352 23.471 23.591 23.711 23.864 24.063 24.263 24.472 24.695 24.912 25.175 25.405 25.650 25.894 26.122 26.344 26.531 26.708 26.868 26.988 26.837 26.858 26.894 27.138 25.628 25.775 25.921 23.762 18.834 13.906 8.939 6.400 4.199 1.999 0.000 0.000 0.000 0.000 0.000 0.000 0.000 0.000 0.000 0.000 0.000 0.000 0.000 0.000 0.000 0.000 0.000 0.000 0.000 0.000 0.000 0.000 0.000 0.000 0.000 0.000 0.000 0.000 0.000 0.000
23.128 23.085 23.049 23.020 22.978 22.937 22.911 22.910 22.895 22.878 22.882 22.917 22.970 22.977 23.105 23.278 23.483 23.676 23.880 24.090 24.303 24.523 24.786 25.072 25.328 25.571 25.808 26.007 26.185 26.363 26.448 26.297 26.146 26.002 26.313 26.766 22.568 21.373 19.389 16.720 13.261 8.333 6.117 3.916 1.715 0.000 0.000 0.000 0.000 0.000 0.000 0.000 0.000 0.000 0.000 0.000 0.000 0.000 0.000 0.000 0.000 0.000 0.000 0.000 0.000 0.000 0.000 0.000 0.000 0.000 0.000 0.000 0.000 0.000 0.000 0.000
22.850 22.797 22.761 22.716 22.669 22.628 22.602 22.544 22.523 22.507 22.478 22.537 22.587 22.583 22.664 22.915 23.115 23.274 23.479 23.694 23.908 24.134 24.460 24.753 25.007 25.251 25.500 25.750 25.940 25.990 26.068 26.176 25.987 25.941 26.051 26.218 22.019 16.674 13.752 10.829 7.995 5.821 3.635 1.434 0.000 0.000 0.000 0.000 0.000 0.000 0.000 0.000 0.000 0.000 0.000 0.000 0.000 0.000 0.000 0.000 0.000 0.000 0.000 0.000 0.000 0.000 0.000 0.000 0.000 0.000 0.000 0.000 0.000 0.000 0.000 0.000
