in/test_suite/Manuel_C003_0001/C003_0001_U_F.asc
ncols    419
nrows    278
xllcorner    0
yllcorner    0
cellsize    10
NODATA_value    -9999
[rows 0 to 33 of 278, columns 154 to 230 of 419]
0.000 0.000 0.000 0.000 0.000 0.000 0.000 0.000 0.000 0.000 0.000 0.000 0.000 0.000 0.000 0.000 0.000 0.000 0.000 0.000 0.000 0.000 0.000 0.000 0.000 0.000 0.000 0.000 0.000 0.000 0.000 0.000 0.000 0.000 0.000 0.000 0.000 0.000 0.000 0.000 0.000 0.000 0.000 0.000 0.000 0.000 0.000 0.000 0.000 0.000 0.000 0.000 0.000 0.000 0.000 0.000 0.000 0.000 0.000 0.000 0.000 0.000 0.000 0.000 0.000 0.000 0.000 0.000 0.000 0.000 0.000 0.000 0.000 0.000 0.000 0.000 0.000
0.000 0.000 0.000 0.000 0.000 0.000 0.000 0.000 0.000 0.000 0.000 0.000 0.000 0.000 0.000 0.000 0.000 0.000 0.000 0.000 0.000 0.000 0.000 0.000 0.000 0.000 0.000 0.000 0.000 0.000 0.000 0.000 0.000 0.000 0.000 0.000 0.000 0.000 0.000 0.000 0.000 0.000 0.000 0.000 0.000 0.000 0.000 0.000 0.000 0.000 0.000 0.000 0.000 0.000 0.000 0.000 0.000 0.000 0.000 0.000 0.000 0.000 0.000 0.000 0.000 0.000 0.000 0.000 0.000 0.000 0.000 0.000 0.000 0.000 0.000 0.000 0.000
0.000 0.000 0.000 0.000 0.000 0.000 0.000 0.000 0.000 0.000 0.000 0.000 0.000 0.000 0.000 0.000 0.000 0.000 0.000 0.000 0.000 0.000 0.000 0.000 0.000 0.000 0.000 0.000 0.000 0.000 0.000 0.000 0.000 0.000 0.000 0.000 0.000 0.000 0.000 0.000 0.000 0.000 0.000 0.000 0.000 0.000 0.000 0.000 0.000 0.000 0.000 0.000 0.000 0.000 0.000 0.000 0.000 0.000 0.000 0.000 0.000 0.000 0.000 0.000 0.000 0.000 0.000 0.000 0.000 0.000 0.000 0.000 0.000 0.000 0.000 0.000 0.000
0.000 0.000 0.000 0.000 0.000 0.000 0.000 0.000 0.000 0.000 0.000 0.000 0.000 0.000 0.000 0.000 0.000 0.000 0.000 0.000 0.000 0.000 0.000 0.000 0.000 0.000 0.000 0.000 0.000 0.000 0.000 0.000 0.000 0.000 0.000 0.000 0.000 0.000 0.000 0.000 0.000 0.000 0.000 0.000 0.000 0.000 0.000 0.000 0.000 0.000 0.000 0.000 0.000 0.000 0.000 0.000 0.000 0.000 0.000 0.000 0.000 0.000 0.000 0.000 0.000 0.000 0.000 0.000 0.000 0.000 0.000 0.000 0.000 0.000 0.000 0.000 0.000
0.000 0.000 0.000 0.000 0.000 0.000 0.000 0.000 0.000 0.000 0.000 0.000 0.000 0.000 0.000 0.000 0.000 0.000 0.000 0.000 0.000 0.000 0.000 0.000 0.000 0.000 0.000 0.000 0.000 0.000 0.000 0.000 0.000 0.000 0.000 0.000 0.000 0.000 0.000 0.000 0.000 0.000 0.000 0.000 0.000 0.000 0.000 0.000 0.000 0.000 0.000 0.000 0.000 0.000 0.000 0.000 0.000 0.000 0.000 0.000 0.000 0.000 0.000 0.000 0.000 0.000 0.000 0.000 0.000 0.000 0.000 0.000 0.000 0.000 0.000 0.000 0.000
0.000 0.000 0.000 0.000 0.000 0.000 0.000 0.000 0.000 0.000 0.000 0.000 0.000 0.000 0.000 0.000 0.000 0.000 0.000 0.000 0.000 0.000 0.000 0.000 0.000 0.000 0.000 0.000 0.000 0.000 0.000 0.000 0.000 0.000 0.000 0.000 0.000 0.000 0.000 0.000 0.000 0.000 0.000 0.000 0.000 0.000 0.000 0.000 0.000 0.000 0.000 0.000 0.000 0.000 0.000 0.000 0.000 0.000 0.000 0.000 0.000 0.000 0.000 0.000 0.000 0.000 0.000 0.000 0.000 0.000 0.000 0.000 0.000 0.000 0.000 0.000 0.000
0.000 0.000 0.000 0.000 0.000 0.000 0.000 0.000 0.000 0.000 0.000 0.000 0.000 0.001 0.001 0.001 0.001 0.001 0.000 0.001 0.001 0.001 0.001 0.001 0.001 0.000 0.000 0.001 0.000 0.000 0.000 0.000 0.000 0.000 0.000 0.000 0.000 0.000 0.000 0.000 0.000 0.000 0.000 0.000 0.000 0.000 0.000 0.000 0.000 0.000 0.000 0.000 0.000 0.000 0.000 0.000 0.000 0.000 0.000 0.000 0.000 0.000 0.000 0.000 0.000 0.000 0.000 0.000 0.000 0.000 0.000 0.000 0.000 0.000 0.000 0.000 0.000
0.000 0.000 0.000 0.000 0.000 0.000 0.000 0.000 0.000 0.001 0.000 0.000 0.000 0.002 0.002 0.002 0.002 0.001 0.000 0.001 0.002 0.002 0.002 0.001 0.001 0.000 0.000 0.001 0.001 0.001 0.001 0.001 0.001 0.001 0.001 0.001 0.001 0.001 0.001 0.001 0.001 0.001 0.001 0.000 0.000 0.001 0.000 0.000 0.000 0.000 0.000 0.000 0.000 0.000 0.000 0.000 0.000 0.000 0.000 0.001 0.000 0.000 0.001 0.001 0.000 0.000 0.000 0.000 0.000 0.000 0.000 0.000 0.000 0.000 0.000 0.000 0.000
0.000 0.000 0.000 0.000 0.000 0.000 0.000 0.000 0.000 0.001 0.000 0.000 0.002 0.003 0.003 0.003 0.004 0.002 0.000 0.002 0.004 0.003 0.003 0.002 0.001 0.000 0.000 0.001 0.001 0.001 0.001 0.001 0.000 0.001 0.001 0.001 0.001 0.001 0.001 0.001 0.001 0.001 0.001 0.001 0.001 0.001 0.000 0.000 0.000 0.000 0.000 0.000 0.000 0.000 0.000 0.000 0.000 0.000 0.001 0.001 0.001 0.001 0.003 0.002 0.001 0.000 0.000 0.000 0.000 0.000 0.000 0.000 0.000 0.000 0.000 0.000 0.000
0.000 0.000 0.000 0.000 0.000 0.000 0.000 0.000 0.000 0.001 0.001 0.002 0.003 0.005 0.005 0.005 0.005 0.004 0.003 0.004 0.006 0.005 0.004 0.003 0.002 0.001 0.001 0.001 0.002 0.002 0.002 0.002 0.000 0.001 0.002 0.002 0.002 0.002 0.001 0.000 0.001 0.003 0.002 0.002 0.002 0.001 0.000 0.000 0.000 0.000 0.000 0.000 0.000 0.000 0.000 0.000 0.000 0.001 0.001 0.002 0.001 0.001 0.004 0.004 0.004 0.001 0.000 0.000 0.000 0.000 0.000 0.000 0.000 0.000 0.000 0.000 0.000
0.000 0.000 0.000 0.000 0.000 0.000 0.000 0.000 0.000 0.001 0.002 0.003 0.005 0.007 0.008 0.008 0.007 0.007 0.007 0.007 0.007 0.007 0.007 0.006 0.005 0.004 0.004 0.004 0.004 0.004 0.004 0.003 0.002 0.002 0.003 0.003 0.003 0.003 0.003 0.001 0.003 0.005 0.004 0.004 0.002 0.001 0.000 0.000 0.000 0.000 0.000 0.001 0.001 0.000 0.000 0.000 0.000 0.000 0.001 0.001 0.000 0.002 0.004 0.007 0.007 0.004 0.001 0.000 0.000 0.000 0.000 0.000 0.000 0.000 0.000 0.000 0.000
0.000 0.000 0.000 0.000 0.000 0.000 0.000 0.000 0.001 0.002 0.003 0.004 0.006 0.009 0.011 0.011 0.011 0.011 0.011 0.010 0.010 0.010 0.010 0.009 0.008 0.007 0.007 0.006 0.006 0.005 0.005 0.005 0.005 0.004 0.004 0.004 0.004 0.004 0.004 0.004 0.005 0.006 0.006 0.006 0.006 0.005 0.004 0.002 0.002 0.002 0.001 0.002 0.002 0.001 0.001 0.001 0.001 0.002 0.002 0.002 0.001 0.003 0.005 0.007 0.009 0.006 0.003 0.001 0.000 0.000 0.000 0.000 0.000 0.000 0.000 0.000 0.000
0.000 0.000 0.000 0.000 0.000 0.000 0.000 0.001 0.001 0.002 0.004 0.005 0.007 0.010 0.012 0.014 0.014 0.014 0.014 0.013 0.013 0.013 0.012 0.011 0.011 0.011 0.009 0.008 0.007 0.006 0.006 0.006 0.006 0.006 0.006 0.006 0.006 0.006 0.007 0.006 0.008 0.009 0.009 0.009 0.009 0.008 0.007 0.006 0.004 0.004 0.003 0.003 0.003 0.003 0.003 0.003 0.004 0.007 0.009 0.009 0.010 0.014 0.017 0.019 0.018 0.004 0.002 0.002 0.001 0.000 0.000 0.002 0.000 0.000 0.000 0.000 0.000
0.000 0.000 0.000 0.000 0.000 0.000 0.001 0.001 0.002 0.003 0.004 0.005 0.007 0.010 0.013 0.014 0.015 0.015 0.015 0.016 0.015 0.015 0.015 0.014 0.013 0.013 0.012 0.010 0.009 0.008 0.008 0.008 0.008 0.007 0.007 0.007 0.007 0.008 0.009 0.009 0.010 0.011 0.012 0.012 0.013 0.012 0.011 0.009 0.005 0.002 0.002 0.004 0.005 0.004 0.004 0.003 0.003 0.006 0.009 0.018 0.020 0.024 0.028 0.031 0.028 0.011 0.003 0.010 0.008 0.000 0.002 0.005 0.001 0.000 0.000 0.000 0.000
0.000 0.000 0.000 0.000 0.000 0.001 0.001 0.001 0.002 0.003 0.004 0.006 0.008 0.010 0.013 0.015 0.017 0.019 0.019 0.019 0.017 0.017 0.016 0.016 0.015 0.014 0.014 0.012 0.010 0.010 0.009 0.010 0.010 0.009 0.009 0.008 0.009 0.010 0.011 0.012 0.012 0.013 0.014 0.016 0.017 0.016 0.015 0.012 0.008 0.004 0.003 0.008 0.008 0.006 0.005 0.003 0.001 0.003 0.016 0.025 0.030 0.033 0.035 0.041 0.039 0.027 0.019 0.018 0.014 0.012 0.006 0.009 0.005 0.006 0.005 0.005 0.003
0.000 0.000 0.000 0.000 0.000 0.001 0.001 0.001 0.002 0.003 0.004 0.006 0.008 0.011 0.013 0.017 0.020 0.024 0.025 0.020 0.018 0.018 0.018 0.016 0.022 0.020 0.018 0.015 0.012 0.011 0.011 0.012 0.012 0.011 0.010 0.010 0.010 0.012 0.013 0.014 0.015 0.016 0.017 0.019 0.021 0.020 0.019 0.018 0.015 0.013 0.011 0.012 0.012 0.011 0.015 0.012 0.011 0.014 0.023 0.032 0.037 0.040 0.042 0.048 0.050 0.043 0.036 0.029 0.027 0.026 0.018 0.013 0.016 0.017 0.015 0.012 0.006
0.000 0.001 0.001 0.001 0.001 0.001 0.001 0.001 0.003 0.004 0.005 0.006 0.008 0.011 0.013 0.015 0.020 0.024 0.025 0.019 0.018 0.018 0.018 0.017 0.022 0.024 0.021 0.018 0.014 0.013 0.014 0.014 0.014 0.013 0.012 0.011 0.011 0.012 0.015 0.017 0.018 0.019 0.021 0.022 0.025 0.028 0.027 0.026 0.022 0.021 0.019 0.018 0.017 0.016 0.020 0.024 0.027 0.030 0.033 0.037 0.041 0.045 0.049 0.050 0.050 0.050 0.043 0.042 0.041 0.040 0.033 0.029 0.027 0.027 0.023 0.016 0.010
0.000 0.001 0.002 0.002 0.002 0.003 0.001 0.001 0.003 0.005 0.006 0.007 0.008 0.010 0.011 0.014 0.017 0.020 0.021 0.019 0.017 0.015 0.016 0.017 0.020 0.021 0.018 0.014 0.011 0.012 0.013 0.013 0.014 0.013 0.012 0.011 0.012 0.012 0.016 0.018 0.020 0.022 0.024 0.027 0.031 0.034 0.037 0.031 0.027 0.026 0.025 0.024 0.022 0.022 0.025 0.029 0.033 0.036 0.038 0.042 0.046 0.050 0.050 0.050 0.050 0.050 0.050 0.050 0.050 0.050 0.047 0.043 0.040 0.034 0.027 0.020 0.014
0.001 0.003 0.004 0.003 0.004 0.005 0.002 0.000 0.002 0.004 0.006 0.007 0.010 0.009 0.010 0.013 0.015 0.017 0.017 0.016 0.014 0.012 0.014 0.016 0.017 0.017 0.014 0.012 0.009 0.010 0.011 0.012 0.012 0.011 0.011 0.012 0.012 0.013 0.016 0.018 0.021 0.023 0.025 0.027 0.031 0.034 0.036 0.035 0.031 0.031 0.029 0.028 0.027 0.026 0.031 0.035 0.038 0.041 0.043 0.046 0.050 0.050 0.050 0.050 0.050 0.050 0.050 0.050 0.050 0.050 0.050 0.047 0.043 0.039 0.033 0.025 0.018
0.003 0.005 0.005 0.006 0.006 0.007 0.004 0.004 0.005 0.006 0.008 0.009 0.011 0.010 0.010 0.013 0.015 0.015 0.015 0.016 0.013 0.009 0.013 0.015 0.014 0.013 0.011 0.009 0.006 0.008 0.011 0.010 0.010 0.010 0.009 0.009 0.010 0.014 0.016 0.018 0.021 0.024 0.026 0.029 0.032 0.033 0.035 0.036 0.036 0.034 0.033 0.031 0.030 0.029 0.037 0.041 0.043 0.045 0.047 0.050 0.050 0.050 0.050 0.050 0.050 0.050 0.050 0.050 0.050 0.050 0.050 0.050 0.046 0.042 0.037 0.029 0.022
0.006 0.007 0.008 0.008 0.009 0.009 0.009 0.009 0.009 0.010 0.010 0.011 0.012 0.012 0.012 0.012 0.014 0.014 0.014 0.015 0.012 0.012 0.012 0.014 0.013 0.013 0.011 0.008 0.006 0.009 0.011 0.010 0.010 0.011 0.009 0.005 0.010 0.014 0.016 0.018 0.021 0.024 0.027 0.030 0.034 0.038 0.039 0.037 0.040 0.042 0.041 0.030 0.032 0.033 0.040 0.044 0.046 0.049 0.050 0.050 0.050 0.050 0.050 0.050 0.050 0.050 0.050 0.050 0.050 0.050 0.050 0.050 0.049 0.045 0.041 0.032 0.026
0.008 0.010 0.011 0.011 0.012 0.012 0.013 0.013 0.013 0.012 0.012 0.013 0.014 0.014 0.014 0.014 0.014 0.014 0.014 0.015 0.014 0.014 0.014 0.014 0.013 0.013 0.013 0.011 0.009 0.010 0.011 0.011 0.011 0.011 0.009 0.010 0.011 0.015 0.017 0.019 0.023 0.026 0.029 0.032 0.036 0.039 0.040 0.037 0.040 0.048 0.039 0.027 0.031 0.036 0.043 0.047 0.049 0.050 0.050 0.050 0.050 0.050 0.050 0.050 0.050 0.050 0.050 0.050 0.050 0.050 0.050 0.050 0.050 0.049 0.045 0.035 0.031
0.011 0.013 0.014 0.014 0.016 0.016 0.017 0.017 0.017 0.016 0.013 0.015 0.016 0.016 0.015 0.016 0.015 0.013 0.014 0.016 0.015 0.015 0.015 0.014 0.013 0.013 0.013 0.013 0.012 0.013 0.012 0.012 0.012 0.012 0.013 0.014 0.015 0.016 0.017 0.020 0.024 0.027 0.030 0.033 0.037 0.042 0.042 0.036 0.039 0.038 0.034 0.025 0.030 0.038 0.045 0.049 0.050 0.050 0.050 0.050 0.050 0.050 0.050 0.050 0.050 0.050 0.050 0.050 0.050 0.050 0.050 0.050 0.050 0.050 0.048 0.045 0.044
0.014 0.016 0.017 0.019 0.020 0.021 0.022 0.022 0.022 0.020 0.018 0.017 0.018 0.018 0.017 0.017 0.016 0.014 0.015 0.017 0.016 0.016 0.016 0.015 0.014 0.014 0.014 0.014 0.015 0.014 0.013 0.013 0.013 0.014 0.015 0.015 0.016 0.017 0.017 0.020 0.025 0.029 0.032 0.035 0.040 0.045 0.045 0.036 0.029 0.028 0.024 0.020 0.027 0.036 0.045 0.049 0.050 0.050 0.050 0.050 0.050 0.050 0.050 0.050 0.050 0.050 0.050 0.050 0.050 0.050 0.041 0.048 0.050 0.050 0.043 0.050 0.050
0.017 0.019 0.021 0.023 0.024 0.027 0.028 0.028 0.027 0.024 0.023 0.022 0.021 0.020 0.019 0.019 0.018 0.016 0.017 0.018 0.018 0.017 0.017 0.016 0.015 0.016 0.016 0.017 0.018 0.016 0.015 0.015 0.015 0.016 0.016 0.018 0.018 0.018 0.018 0.021 0.025 0.030 0.033 0.039 0.044 0.048 0.044 0.030 0.023 0.019 0.016 0.013 0.007 0.016 0.030 0.025 0.022 0.024 0.025 0.027 0.029 0.035 0.033 0.034 0.036 0.037 0.039 0.041 0.042 0.040 0.026 0.034 0.049 0.037 0.029 0.044 0.050
0.020 0.022 0.025 0.027 0.027 0.030 0.037 0.036 0.028 0.027 0.026 0.024 0.022 0.025 0.024 0.020 0.019 0.018 0.019 0.021 0.021 0.021 0.020 0.018 0.017 0.018 0.018 0.021 0.021 0.019 0.018 0.018 0.018 0.018 0.019 0.021 0.020 0.020 0.020 0.022 0.026 0.029 0.030 0.031 0.037 0.038 0.035 0.024 0.017 0.012 0.009 0.006 0.000 0.002 0.017 0.010 0.000 0.000 0.000 0.000 0.006 0.021 0.018 0.006 0.007 0.009 0.011 0.012 0.014 0.016 0.011 0.019 0.021 0.022 0.016 0.031 0.032
0.023 0.025 0.027 0.029 0.030 0.033 0.038 0.037 0.029 0.029 0.028 0.025 0.024 0.027 0.025 0.019 0.019 0.019 0.022 0.024 0.026 0.026 0.024 0.021 0.019 0.018 0.018 0.024 0.025 0.022 0.020 0.019 0.019 0.021 0.023 0.024 0.023 0.022 0.021 0.024 0.027 0.029 0.029 0.029 0.026 0.023 0.019 0.016 0.012 0.008 0.004 0.000 0.000 0.000 0.003 0.000 0.000 0.000 0.000 0.000 0.000 0.008 0.003 0.000 0.000 0.000 0.000 0.000 0.000 0.000 0.000 0.000 0.000 0.000 0.003 0.018 0.017
0.028 0.028 0.029 0.030 0.032 0.032 0.032 0.032 0.031 0.029 0.028 0.026 0.025 0.024 0.022 0.019 0.018 0.018 0.018 0.021 0.023 0.023 0.021 0.019 0.018 0.018 0.018 0.024 0.025 0.023 0.021 0.019 0.021 0.024 0.026 0.027 0.026 0.024 0.023 0.026 0.029 0.033 0.035 0.027 0.021 0.018 0.014 0.011 0.007 0.003 0.000 0.000 0.000 0.000 0.000 0.000 0.000 0.000 0.000 0.000 0.000 0.000 0.000 0.000 0.000 0.000 0.000 0.000 0.000 0.000 0.000 0.000 0.000 0.000 0.000 0.004 0.002
0.032 0.033 0.033 0.035 0.034 0.032 0.031 0.030 0.028 0.031 0.029 0.027 0.023 0.021 0.019 0.017 0.016 0.016 0.015 0.016 0.019 0.019 0.017 0.016 0.016 0.016 0.018 0.018 0.019 0.019 0.017 0.017 0.017 0.020 0.022 0.023 0.022 0.021 0.020 0.021 0.026 0.030 0.030 0.022 0.016 0.013 0.010 0.007 0.003 0.000 0.000 0.000 0.000 0.000 0.000 0.000 0.000 0.000 0.000 0.000 0.000 0.000 0.000 0.000 0.000 0.000 0.000 0.000 0.000 0.000 0.000 0.000 0.000 0.000 0.000 0.000 0.000
0.032 0.034 0.035 0.034 0.033 0.031 0.029 0.027 0.025 0.029 0.031 0.027 0.023 0.018 0.016 0.014 0.012 0.011 0.012 0.013 0.014 0.014 0.013 0.013 0.013 0.013 0.014 0.014 0.015 0.015 0.014 0.014 0.015 0.015 0.018 0.018 0.017 0.016 0.016 0.017 0.018 0.018 0.017 0.016 0.011 0.009 0.005 0.002 0.000 0.000 0.000 0.000 0.000 0.000 0.000 0.000 0.000 0.000 0.000 0.000 0.000 0.000 0.000 0.000 0.000 0.000 0.000 0.000 0.000 0.000 0.000 0.000 0.000 0.000 0.000 0.000 0.000
0.031 0.031 0.031 0.029 0.027 0.025 0.023 0.024 0.022 0.026 0.025 0.022 0.018 0.015 0.013 0.011 0.009 0.008 0.009 0.010 0.011 0.011 0.010 0.009 0.009 0.010 0.011 0.012 0.012 0.012 0.011 0.010 0.012 0.013 0.013 0.013 0.013 0.013 0.012 0.013 0.013 0.012 0.010 0.009 0.007 0.005 0.001 0.000 0.000 0.000 0.000 0.000 0.000 0.000 0.000 0.000 0.000 0.000 0.000 0.000 0.000 0.000 0.000 0.000 0.000 0.000 0.000 0.000 0.000 0.000 0.000 0.000 0.000 0.000 0.000 0.000 0.000
0.031 0.026 0.026 0.024 0.021 0.019 0.017 0.018 0.018 0.020 0.019 0.016 0.013 0.009 0.009 0.008 0.007 0.006 0.007 0.008 0.007 0.008 0.008 0.007 0.007 0.008 0.009 0.009 0.009 0.009 0.008 0.008 0.009 0.010 0.010 0.010 0.010 0.009 0.008 0.009 0.009 0.008 0.006 0.004 0.003 0.001 0.000 0.000 0.000 0.000 0.000 0.000 0.000 0.000 0.000 0.000 0.000 0.000 0.000 0.000 0.000 0.000 0.000 0.000 0.000 0.000 0.000 0.000 0.000 0.000 0.000 0.000 0.000 0.000 0.000 0.000 0.000
0.027 0.023 0.021 0.019 0.016 0.014 0.011 0.012 0.013 0.013 0.013 0.012 0.008 0.004 0.004 0.006 0.005 0.004 0.005 0.004 0.004 0.005 0.005 0.006 0.006 0.006 0.006 0.006 0.006 0.007 0.007 0.007 0.007 0.007 0.007 0.007 0.007 0.006 0.006 0.005 0.005 0.005 0.004 0.002 0.000 0.000 0.000 0.000 0.000 0.000 0.000 0.000 0.000 0.000 0.000 0.000 0.000 0.000 0.000 0.000 0.000 0.000 0.000 0.000 0.000 0.000 0.000 0.000 0.000 0.000 0.000 0.000 0.000 0.000 0.000 0.000 0.000
0.022 0.019 0.017 0.015 0.013 0.010 0.008 0.008 0.009 0.009 0.009 0.008 0.005 0.000 0.002 0.004 0.003 0.002 0.002 0.001 0.001 0.001 0.002 0.003 0.003 0.004 0.003 0.002 0.003 0.005 0.004 0.004 0.004 0.004 0.004 0.004 0.004 0.004 0.004 0.003 0.002 0.003 0.002 0.000 0.000 0.000 0.000 0.000 0.000 0.000 0.000 0.000 0.000 0.000 0.000 0.000 0.000 0.000 0.000 0.000 0.000 0.000 0.000 0.000 0.000 0.000 0.000 0.000 0.000 0.000 0.000 0.000 0.000 0.000 0.000 0.000 0.000
