in/test_suite/Manuel_C003_0001/C003_0001_C_G_corrected.asc
ncols    419
nrows    278
xllcorner    0
yllcorner    0
cellsize    10
NODATA_value    -9999
[rows 28 to 55 of 278, columns 0 to 62 of 419]
2087.098 2085.722 2084.677 2083.686 2082.712 2081.728 2080.867 2080.007 2079.177 2078.372 2077.639 2076.905 2076.171 2075.529 2075.206 2075.405 2075.618 2076.306 2077.758 2079.394 2081.047 2082.526 2083.851 2084.759 2085.046 2085.075 2084.804 2084.266 2083.618 2082.931 2082.084 2081.252 2080.421 2079.546 2078.720 2077.737 2076.748 2075.569 2074.408 2073.337 2072.268 2071.350 2070.482 2069.608 2068.873 2068.359 2067.864 2067.551 2067.374 2067.247 2067.098 2066.964 2066.451 2065.769 2065.075 2064.241 2063.305 2062.419 2061.599 2060.828 2060.220 2059.666 2059.326
2086.438 2085.335 2084.386 2083.394 2082.465 2081.616 2080.758 2079.897 2079.083 2078.306 2077.550 2076.828 2076.151 2075.526 2075.194 2075.213 2075.941 2077.165 2078.655 2080.288 2081.941 2083.233 2084.451 2085.679 2085.823 2085.937 2085.840 2085.307 2084.731 2084.051 2083.199 2082.309 2081.367 2080.401 2079.516 2078.504 2077.358 2076.164 2074.969 2073.827 2072.779 2071.826 2070.946 2070.127 2069.511 2069.043 2068.576 2068.252 2068.074 2068.004 2067.871 2067.581 2067.101 2066.378 2065.654 2064.752 2063.788 2062.824 2061.991 2061.241 2060.534 2059.978 2059.500
2086.063 2084.958 2084.039 2083.154 2082.316 2081.477 2080.625 2079.802 2079.013 2078.240 2077.467 2076.785 2076.154 2075.524 2075.182 2075.864 2076.726 2077.987 2079.526 2081.133 2082.770 2084.407 2085.625 2086.572 2086.829 2086.852 2086.861 2086.342 2085.756 2085.171 2084.295 2083.282 2082.299 2081.333 2080.291 2079.120 2077.960 2076.806 2075.575 2074.360 2073.291 2072.335 2071.477 2070.715 2070.091 2069.569 2069.189 2068.937 2068.774 2068.702 2068.462 2068.097 2067.662 2067.118 2066.108 2065.139 2064.198 2063.250 2062.358 2061.645 2060.932 2060.293 2059.834
2085.632 2084.580 2083.752 2082.976 2082.162 2081.324 2080.533 2079.738 2078.945 2078.160 2077.391 2076.651 2076.020 2075.425 2075.766 2076.636 2077.668 2078.811 2080.492 2082.200 2083.812 2085.318 2086.498 2087.454 2087.838 2088.004 2087.929 2087.592 2086.997 2086.264 2085.282 2084.271 2083.259 2082.173 2081.027 2079.881 2078.705 2077.430 2076.126 2074.908 2073.816 2072.931 2072.116 2071.304 2070.676 2070.172 2069.860 2069.605 2069.457 2069.176 2068.900 2068.613 2068.136 2067.377 2066.488 2065.518 2064.563 2063.602 2062.703 2061.922 2061.268 2060.735 2060.251
2085.078 2084.253 2083.542 2082.767 2081.992 2081.222 2080.445 2079.674 2078.880 2078.075 2077.317 2076.576 2075.951 2075.865 2076.065 2076.994 2078.156 2079.796 2081.475 2083.189 2084.853 2085.979 2087.195 2088.333 2088.668 2088.955 2088.997 2088.665 2088.125 2087.259 2086.275 2085.251 2084.111 2083.005 2081.860 2080.686 2079.323 2078.016 2076.703 2075.457 2074.344 2073.396 2072.605 2071.853 2071.299 2070.796 2070.507 2070.220 2069.844 2069.467 2069.214 2068.899 2068.308 2067.542 2066.776 2065.851 2064.819 2063.954 2063.053 2062.344 2061.735 2061.201 2060.717
2084.736 2083.949 2083.283 2082.560 2081.820 2081.128 2080.356 2079.575 2078.790 2077.984 2077.236 2076.698 2076.504 2076.127 2076.541 2077.695 2079.162 2080.797 2082.482 2084.106 2085.698 2087.234 2088.337 2089.328 2089.651 2089.837 2090.023 2089.764 2089.241 2088.254 2087.273 2086.079 2084.889 2083.780 2082.708 2081.320 2079.916 2078.540 2077.226 2075.959 2074.868 2073.917 2073.080 2072.532 2071.966 2071.422 2071.064 2070.619 2070.225 2069.850 2069.378 2068.928 2068.395 2067.738 2066.920 2066.076 2065.078 2064.212 2063.503 2062.881 2062.242 2061.666 2061.331
2084.342 2083.645 2082.989 2082.362 2081.650 2080.958 2080.242 2079.416 2078.656 2077.893 2077.164 2076.715 2076.259 2076.348 2077.277 2078.800 2080.191 2081.714 2083.509 2085.281 2086.807 2088.314 2089.451 2090.399 2090.846 2091.109 2090.993 2090.876 2090.362 2089.278 2087.943 2086.843 2085.672 2084.470 2083.094 2081.804 2080.427 2079.057 2077.703 2076.431 2075.380 2074.508 2073.769 2073.064 2072.529 2072.061 2071.541 2071.072 2070.609 2070.079 2069.501 2068.956 2068.425 2067.884 2066.999 2066.166 2065.333 2064.649 2063.975 2063.320 2062.720 2062.348 2061.998
2083.915 2083.307 2082.714 2082.094 2081.470 2080.753 2080.018 2079.258 2078.496 2077.811 2077.112 2076.163 2076.000 2076.881 2078.045 2079.502 2080.999 2082.749 2084.618 2086.379 2088.055 2089.226 2090.397 2091.470 2091.891 2092.001 2091.885 2091.781 2091.301 2089.860 2088.391 2087.116 2085.989 2084.831 2083.479 2082.197 2080.873 2079.544 2078.185 2076.904 2075.980 2075.112 2074.394 2073.679 2073.139 2072.714 2072.131 2071.626 2071.095 2070.375 2069.756 2069.135 2068.558 2068.040 2067.071 2066.266 2065.804 2065.129 2064.455 2063.857 2063.482 2063.111 2062.680
2083.533 2082.953 2082.396 2081.794 2081.117 2080.485 2079.759 2079.033 2078.358 2077.107 2076.580 2076.221 2076.936 2077.691 2078.810 2080.210 2081.935 2083.700 2085.694 2087.410 2088.919 2090.313 2091.435 2092.362 2092.791 2092.908 2092.740 2092.191 2091.183 2089.879 2088.539 2087.238 2086.176 2085.030 2083.865 2082.480 2081.072 2079.712 2078.422 2077.389 2076.586 2075.772 2074.957 2074.407 2073.856 2073.367 2072.779 2072.121 2071.568 2070.844 2070.095 2069.440 2068.784 2068.196 2067.357 2066.759 2066.289 2065.617 2065.063 2064.661 2064.260 2063.874 2063.401
2083.137 2082.598 2082.039 2081.416 2080.735 2080.112 2079.473 2078.716 2077.183 2076.824 2076.756 2077.275 2077.968 2078.638 2079.816 2081.266 2082.839 2084.645 2086.516 2088.245 2089.704 2091.236 2092.291 2092.937 2093.603 2093.814 2093.043 2092.054 2091.057 2089.771 2088.461 2087.154 2086.276 2085.170 2083.844 2082.507 2081.156 2079.823 2078.778 2077.764 2076.996 2076.247 2075.747 2075.226 2074.659 2074.046 2073.374 2072.697 2072.042 2071.385 2070.763 2070.094 2069.350 2068.668 2068.015 2067.358 2066.774 2066.307 2065.928 2065.531 2065.114 2064.589 2064.076
2082.676 2082.204 2081.590 2080.980 2080.354 2079.738 2079.133 2077.475 2076.779 2076.810 2077.525 2078.227 2078.506 2079.397 2080.819 2082.186 2083.664 2085.441 2087.232 2088.785 2090.420 2091.858 2093.136 2093.878 2094.478 2094.032 2092.970 2091.884 2090.932 2089.649 2088.366 2087.070 2086.154 2085.034 2083.726 2082.418 2081.150 2080.022 2079.100 2078.139 2077.442 2076.971 2076.495 2076.018 2075.428 2074.714 2074.077 2073.403 2072.797 2072.191 2071.516 2070.842 2070.192 2069.561 2068.930 2068.272 2067.646 2067.169 2066.786 2066.404 2065.861 2065.308 2064.753
2082.194 2081.752 2081.046 2080.425 2079.889 2079.387 2077.885 2077.436 2077.228 2077.302 2077.845 2078.519 2079.386 2080.361 2081.590 2082.954 2084.518 2086.309 2088.028 2089.678 2091.083 2092.496 2093.712 2094.740 2094.474 2093.943 2092.981 2091.861 2090.701 2089.362 2088.125 2086.948 2085.774 2084.665 2083.518 2082.322 2081.281 2080.222 2079.295 2078.617 2078.034 2077.569 2077.159 2076.630 2076.055 2075.383 2074.744 2074.217 2073.660 2073.068 2072.440 2071.771 2071.137 2070.503 2069.853 2069.231 2068.610 2068.100 2067.620 2067.044 2066.467 2065.926 2065.305
2081.720 2081.299 2080.598 2080.086 2079.510 2077.865 2077.713 2078.141 2078.192 2078.118 2078.297 2079.205 2080.206 2081.423 2082.505 2083.919 2085.128 2086.854 2088.597 2090.208 2091.711 2093.097 2094.211 2094.821 2094.335 2093.732 2092.902 2091.661 2090.432 2088.969 2087.763 2086.725 2085.325 2084.278 2083.286 2082.343 2081.332 2080.334 2079.692 2079.174 2078.626 2078.158 2077.757 2077.205 2076.630 2076.029 2075.494 2074.979 2074.523 2073.924 2073.289 2072.702 2072.067 2071.398 2070.659 2070.045 2069.574 2068.903 2068.073 2067.519 2066.993 2066.368 2065.527
2081.359 2080.880 2080.608 2080.232 2078.288 2077.853 2078.460 2079.148 2079.187 2079.108 2079.526 2080.140 2081.156 2082.442 2083.839 2084.828 2085.297 2087.196 2088.818 2090.636 2092.531 2093.799 2094.572 2095.008 2094.301 2093.573 2092.795 2091.718 2090.350 2089.020 2087.695 2086.494 2085.097 2084.078 2083.220 2082.357 2081.402 2080.757 2080.198 2079.704 2079.174 2078.733 2078.333 2077.780 2077.230 2076.743 2076.255 2075.742 2075.248 2074.718 2074.080 2073.579 2072.883 2072.012 2071.464 2070.845 2070.212 2069.341 2068.506 2067.912 2067.230 2066.496 2065.749
2081.398 2081.264 2080.758 2079.203 2078.666 2078.800 2079.441 2079.225 2079.242 2079.489 2079.893 2080.514 2081.466 2082.835 2084.183 2085.001 2085.675 2087.852 2089.334 2091.190 2093.091 2094.178 2094.703 2095.036 2094.308 2093.415 2092.885 2091.818 2090.810 2089.462 2087.924 2086.392 2085.318 2084.180 2083.103 2082.643 2082.000 2081.373 2080.775 2080.262 2079.786 2079.302 2078.907 2078.391 2077.926 2077.447 2076.963 2076.416 2075.807 2075.362 2074.872 2074.219 2073.479 2072.628 2072.086 2071.365 2070.567 2069.735 2068.938 2068.085 2067.191 2066.485 2065.794
2081.802 2081.670 2080.237 2080.083 2080.131 2080.028 2079.756 2079.678 2079.717 2079.842 2080.337 2081.018 2081.841 2082.782 2083.865 2085.194 2086.348 2088.343 2089.712 2090.890 2092.762 2093.778 2094.579 2094.746 2093.913 2093.213 2092.276 2091.376 2090.324 2089.244 2087.826 2086.451 2085.377 2084.198 2083.213 2082.982 2082.584 2081.942 2081.422 2081.003 2080.486 2079.977 2079.514 2079.078 2078.608 2078.140 2077.573 2076.970 2076.365 2075.917 2075.303 2074.625 2073.938 2073.246 2072.477 2071.704 2070.921 2070.077 2069.027 2068.108 2067.239 2066.348 2065.430
2081.061 2080.954 2081.097 2081.772 2081.669 2080.755 2080.707 2080.848 2080.661 2080.347 2081.003 2081.749 2082.299 2082.802 2084.056 2085.403 2086.775 2088.771 2090.087 2091.168 2092.304 2093.253 2093.938 2094.582 2094.235 2093.530 2092.677 2091.427 2090.288 2089.081 2087.762 2086.678 2085.587 2084.380 2083.654 2083.113 2082.712 2082.384 2081.951 2081.588 2081.215 2080.635 2080.176 2079.774 2079.309 2078.480 2077.872 2077.336 2076.796 2076.147 2075.516 2074.853 2074.162 2073.410 2072.742 2071.985 2071.180 2070.184 2069.129 2068.079 2067.123 2066.076 2065.061
2081.999 2081.855 2082.211 2082.557 2082.329 2081.694 2081.751 2081.676 2081.328 2081.343 2081.797 2082.010 2082.561 2083.487 2084.477 2085.535 2087.011 2089.524 2091.316 2092.076 2092.881 2092.885 2093.510 2094.655 2094.818 2094.407 2093.242 2091.800 2090.257 2089.024 2088.155 2087.214 2086.068 2084.846 2083.998 2083.404 2082.901 2082.899 2082.790 2082.396 2081.882 2081.322 2080.872 2080.420 2079.571 2078.708 2078.094 2077.506 2076.791 2076.148 2075.531 2074.915 2074.312 2073.565 2072.913 2072.145 2071.200 2070.272 2069.258 2068.042 2066.842 2065.802 2064.762
2083.155 2082.984 2082.817 2082.613 2082.663 2082.689 2082.483 2082.342 2082.369 2082.428 2082.112 2082.044 2082.616 2083.516 2084.636 2086.139 2088.197 2090.063 2091.438 2092.512 2093.459 2093.579 2094.111 2094.670 2094.891 2094.818 2093.565 2091.872 2090.106 2089.251 2088.440 2087.556 2086.564 2085.445 2084.563 2083.699 2083.369 2083.473 2083.616 2083.256 2082.629 2082.054 2081.393 2080.605 2079.785 2078.936 2078.243 2077.511 2076.786 2076.141 2075.512 2074.942 2074.342 2073.720 2072.922 2072.084 2071.221 2070.292 2069.151 2067.832 2066.625 2065.510 2064.266
2084.601 2084.191 2083.975 2084.094 2084.101 2083.684 2083.544 2083.661 2083.616 2082.839 2082.724 2082.865 2082.984 2083.533 2085.257 2087.048 2088.998 2090.891 2092.050 2092.920 2094.025 2094.297 2094.001 2094.127 2094.454 2094.270 2092.735 2091.014 2089.349 2088.590 2087.506 2086.861 2086.173 2085.207 2084.351 2083.544 2083.426 2083.416 2083.380 2083.472 2083.052 2082.267 2081.366 2080.568 2079.763 2078.944 2078.186 2077.478 2076.770 2076.084 2075.419 2074.939 2074.349 2073.608 2072.810 2071.970 2071.185 2070.040 2068.832 2067.623 2066.395 2065.028 2063.696
2085.654 2085.267 2085.295 2085.506 2085.155 2085.175 2085.408 2084.936 2084.361 2083.956 2083.652 2083.644 2083.431 2084.309 2085.958 2088.646 2090.849 2091.869 2092.974 2094.172 2093.719 2093.387 2093.226 2093.659 2093.836 2092.791 2091.648 2090.050 2088.338 2087.472 2086.672 2085.881 2085.212 2084.463 2083.852 2083.136 2082.947 2082.805 2082.784 2082.899 2082.727 2082.001 2081.408 2080.552 2079.646 2078.851 2078.114 2077.364 2076.679 2075.995 2075.326 2074.838 2074.139 2073.389 2072.639 2071.802 2070.680 2069.554 2068.386 2067.123 2065.754 2064.456 2063.158
2086.684 2086.553 2086.608 2086.859 2086.832 2087.042 2087.095 2086.113 2085.658 2085.338 2084.740 2085.012 2085.747 2086.453 2087.692 2090.310 2092.157 2093.076 2094.267 2095.090 2093.359 2091.896 2092.350 2092.442 2092.145 2091.494 2090.835 2088.871 2086.630 2085.964 2085.349 2084.959 2084.322 2084.052 2083.328 2082.448 2082.398 2082.752 2082.765 2082.510 2082.211 2081.966 2081.436 2080.478 2079.561 2078.798 2078.046 2077.221 2076.543 2075.877 2075.189 2074.489 2073.793 2073.084 2072.261 2071.254 2070.143 2069.020 2067.754 2066.255 2064.883 2063.600 2062.370
2087.850 2087.804 2087.990 2089.124 2089.180 2088.860 2088.466 2087.752 2087.205 2086.579 2086.037 2087.173 2088.496 2089.213 2090.094 2091.609 2093.264 2094.362 2094.665 2094.233 2092.878 2092.260 2092.122 2091.678 2091.172 2090.434 2089.455 2087.415 2086.004 2085.205 2084.785 2084.469 2083.976 2083.711 2082.547 2081.719 2082.159 2082.537 2082.262 2082.101 2081.861 2081.623 2081.382 2080.442 2079.543 2078.723 2077.893 2077.061 2076.369 2075.655 2074.884 2074.146 2073.459 2072.715 2071.701 2070.697 2069.591 2068.240 2066.778 2065.384 2064.009 2062.692 2061.493
2089.087 2089.291 2090.197 2091.442 2091.404 2090.900 2090.243 2089.730 2088.630 2088.097 2088.178 2089.377 2090.734 2091.792 2092.537 2094.002 2094.749 2094.099 2093.585 2093.334 2092.714 2091.617 2091.236 2090.498 2089.889 2089.203 2087.928 2086.898 2085.824 2085.190 2084.644 2084.094 2083.575 2082.914 2082.136 2081.948 2081.801 2081.916 2081.619 2081.412 2081.282 2081.123 2080.716 2080.210 2079.327 2078.522 2077.736 2076.901 2076.145 2075.351 2074.572 2073.833 2073.057 2072.278 2071.198 2070.134 2068.768 2067.270 2065.801 2064.423 2063.036 2061.768 2060.459
2090.356 2090.753 2091.585 2092.522 2092.477 2092.325 2091.815 2091.283 2090.857 2090.825 2090.709 2091.959 2092.516 2093.228 2094.567 2096.235 2094.985 2092.708 2092.347 2092.170 2091.579 2090.726 2090.375 2089.388 2088.102 2087.566 2087.320 2085.957 2085.367 2084.850 2084.229 2083.400 2082.669 2082.285 2082.068 2081.827 2081.584 2081.466 2081.160 2080.901 2080.779 2080.441 2079.960 2079.513 2078.978 2078.242 2077.476 2076.580 2075.775 2075.022 2074.259 2073.447 2072.631 2071.826 2070.741 2069.257 2067.789 2066.283 2064.768 2063.333 2061.904 2060.557 2059.382
2091.983 2092.180 2092.773 2093.541 2093.475 2093.367 2093.367 2093.309 2093.460 2093.792 2093.867 2094.828 2095.329 2095.926 2096.477 2095.700 2094.258 2093.177 2092.304 2091.600 2090.901 2089.917 2089.596 2088.734 2087.276 2086.981 2086.880 2085.834 2085.081 2084.821 2083.950 2082.583 2082.034 2081.815 2081.639 2081.350 2081.334 2081.195 2081.020 2080.777 2080.556 2080.284 2079.866 2079.318 2078.674 2077.986 2077.102 2076.188 2075.266 2074.441 2073.336 2072.773 2072.027 2071.160 2069.899 2068.330 2066.816 2065.246 2063.581 2062.159 2060.750 2059.441 2058.485
2093.394 2093.433 2093.989 2094.752 2094.563 2094.702 2095.301 2095.512 2095.727 2096.365 2096.191 2097.154 2097.706 2097.735 2096.560 2095.394 2094.725 2093.943 2092.682 2091.424 2090.293 2089.488 2089.090 2088.495 2087.826 2087.136 2086.830 2085.918 2085.198 2084.653 2083.605 2082.901 2082.368 2081.996 2081.716 2081.341 2081.134 2081.124 2081.031 2080.828 2080.560 2080.149 2079.824 2079.066 2078.349 2077.627 2076.728 2075.790 2074.756 2073.484 2072.396 2071.869 2071.083 2069.843 2068.973 2067.664 2065.944 2064.077 2062.394 2060.974 2059.696 2058.473 2057.514
2094.302 2094.535 2095.105 2095.651 2095.841 2096.396 2097.134 2097.513 2097.602 2097.465 2098.093 2099.101 2098.402 2096.622 2095.700 2095.710 2094.787 2093.699 2092.467 2091.178 2090.035 2089.278 2088.899 2088.544 2088.083 2087.520 2086.941 2086.108 2085.126 2084.421 2083.908 2083.343 2082.829 2082.326 2081.793 2081.418 2081.102 2081.048 2081.126 2080.871 2080.491 2080.269 2080.113 2079.108 2078.252 2077.382 2076.419 2075.295 2073.919 2072.623 2071.391 2070.561 2069.584 2068.459 2067.584 2066.476 2064.790 2063.024 2061.207 2059.796 2058.610 2057.491 2056.530
