in/test_suite/Manuel_C003_0001/C003_0001_C_F.asc
ncols    419
nrows    278
xllcorner    0
yllcorner    0
cellsize    10
NODATA_value    -9999
[rows 34 to 67 of 278, columns 77 to 153 of 419]
0.000 0.000 0.000 0.000 0.000 0.000 0.000 0.000 0.000 0.000 0.000 0.000 0.000 0.000 0.000 0.000 0.000 0.000 0.000 0.000 0.000 0.000 0.000 0.001 0.004 0.003 0.001 0.016 0.034 0.053 0.099 0.146 0.200 0.247 0.304 0.368 0.388 0.469 0.569 0.695 0.811 0.920 1.027 1.224 1.384 1.395 1.407 1.419 1.414 1.379 1.374 1.377 1.330 1.280 1.231 1.187 1.132 1.077 1.027 1.058 1.096 1.134 1.143 1.151 1.169 1.159 1.130 1.075 1.045 1.020 0.996 0.981 0.978 0.976 0.979 0.989 1.001
0.000 0.000 0.000 0.000 0.000 0.000 0.000 0.000 0.000 0.000 0.000 0.000 0.000 0.000 0.000 0.000 0.000 0.000 0.000 0.000 0.000 0.000 0.000 0.001 0.003 0.003 0.000 0.017 0.050 0.094 0.144 0.194 0.265 0.316 0.373 0.433 0.518 0.601 0.683 0.779 0.888 0.997 1.106 1.249 1.351 1.361 1.372 1.433 1.429 1.383 1.377 1.349 1.305 1.257 1.212 1.173 1.118 1.060 1.005 1.029 1.064 1.099 1.112 1.121 1.140 1.164 1.117 1.060 1.028 1.001 0.987 0.972 0.957 0.961 0.973 0.981 0.991
0.000 0.000 0.000 0.000 0.000 0.000 0.000 0.000 0.000 0.000 0.000 0.000 0.000 0.000 0.000 0.000 0.000 0.000 0.000 0.000 0.000 0.000 0.000 0.001 0.000 0.000 0.000 0.033 0.071 0.109 0.155 0.219 0.302 0.385 0.444 0.509 0.615 0.698 0.769 0.859 0.971 1.080 1.128 1.223 1.318 1.328 1.394 1.464 1.453 1.383 1.347 1.318 1.275 1.237 1.201 1.162 1.118 1.066 1.016 1.036 1.065 1.081 1.088 1.090 1.106 1.100 1.094 1.045 1.017 0.996 0.979 0.963 0.951 0.956 0.967 0.975 0.984
0.000 0.000 0.000 0.000 0.000 0.000 0.000 0.000 0.000 0.000 0.000 0.000 0.000 0.000 0.000 0.000 0.000 0.000 0.000 0.000 0.000 0.000 0.000 0.002 0.005 0.005 0.008 0.044 0.083 0.120 0.174 0.245 0.330 0.430 0.518 0.585 0.691 0.781 0.841 0.934 1.052 1.093 1.122 1.212 1.291 1.359 1.427 1.495 1.455 1.336 1.313 1.287 1.252 1.222 1.191 1.150 1.112 1.074 1.029 1.049 1.049 1.058 1.064 1.065 1.061 1.052 1.043 1.029 1.010 0.990 0.971 0.960 0.951 0.955 0.961 0.970 0.979
0.000 0.000 0.000 0.000 0.000 0.000 0.000 0.000 0.000 0.000 0.000 0.000 0.000 0.000 0.000 0.000 0.000 0.000 0.000 0.000 0.000 0.000 0.000 0.003 0.008 0.014 0.018 0.055 0.090 0.119 0.177 0.267 0.362 0.466 0.571 0.661 0.750 0.834 0.913 1.009 1.047 1.084 1.118 1.198 1.245 1.305 1.379 1.422 1.408 1.289 1.272 1.246 1.219 1.193 1.166 1.140 1.104 1.069 1.038 1.038 1.038 1.038 1.040 1.039 1.038 1.034 1.023 1.007 0.978 0.959 0.957 0.957 0.950 0.954 0.955 0.959 0.968
0.000 0.000 0.000 0.000 0.000 0.000 0.000 0.000 0.000 0.000 0.000 0.000 0.000 0.000 0.000 0.000 0.000 0.000 0.000 0.000 0.000 0.000 0.000 0.004 0.013 0.021 0.030 0.063 0.090 0.118 0.179 0.279 0.383 0.489 0.595 0.722 0.868 0.944 0.999 1.006 1.041 1.076 1.104 1.148 1.193 1.238 1.260 1.265 1.270 1.247 1.220 1.189 1.159 1.133 1.123 1.104 1.073 1.044 1.030 1.020 1.020 1.021 1.019 1.017 1.016 1.011 1.003 0.985 0.955 0.952 0.951 0.951 0.950 0.950 0.950 0.950 0.956
0.000 0.000 0.000 0.000 0.000 0.000 0.000 0.000 0.000 0.000 0.000 0.000 0.000 0.000 0.000 0.000 0.000 0.000 0.000 0.000 0.000 0.000 0.001 0.004 0.013 0.022 0.038 0.064 0.091 0.118 0.187 0.294 0.401 0.506 0.592 0.728 0.990 1.072 0.978 1.003 1.057 1.075 1.082 1.117 1.162 1.186 1.200 1.203 1.201 1.188 1.144 1.115 1.095 1.091 1.082 1.061 1.040 1.026 1.015 1.004 1.002 1.003 1.000 0.996 0.991 0.986 0.981 0.966 0.954 0.953 0.956 0.954 0.950 0.952 0.952 0.951 0.949
0.000 0.000 0.000 0.000 0.000 0.000 0.000 0.000 0.000 0.000 0.000 0.000 0.000 0.000 0.000 0.000 0.000 0.000 0.000 0.000 0.000 0.001 0.003 0.006 0.009 0.026 0.046 0.066 0.092 0.140 0.191 0.271 0.378 0.485 0.587 0.734 0.932 1.023 0.956 0.991 1.037 1.052 1.061 1.096 1.112 1.125 1.138 1.151 1.143 1.127 1.073 1.047 1.066 1.060 1.040 1.021 1.002 0.982 0.969 0.973 0.980 0.985 0.982 0.980 0.972 0.966 0.962 0.962 0.954 0.953 0.956 0.954 0.950 0.952 0.952 0.951 0.949
0.000 0.000 0.000 0.000 0.000 0.000 0.000 0.000 0.000 0.000 0.000 0.000 0.000 0.000 0.000 0.000 0.000 0.000 0.000 0.000 0.000 0.000 0.002 0.004 0.008 0.013 0.034 0.056 0.090 0.143 0.197 0.253 0.346 0.455 0.564 0.663 0.747 0.837 0.928 0.953 0.985 1.017 1.040 1.053 1.065 1.078 1.089 1.092 1.085 1.067 1.033 1.028 1.037 1.028 1.013 1.001 0.980 0.959 0.952 0.957 0.963 0.969 0.966 0.964 0.955 0.949 0.950 0.950 0.952 0.951 0.951 0.951 0.950 0.951 0.951 0.951 0.949
0.000 0.000 0.000 0.000 0.000 0.000 0.000 0.000 0.000 0.000 0.000 0.000 0.000 0.000 0.000 0.000 0.000 0.000 0.000 0.000 0.000 0.000 0.000 0.003 0.006 0.003 0.012 0.044 0.078 0.114 0.171 0.232 0.295 0.393 0.494 0.594 0.688 0.772 0.839 0.936 0.966 0.993 1.004 1.019 1.030 1.038 1.030 1.033 1.026 1.027 1.023 1.018 1.014 1.003 0.990 0.983 0.971 0.965 0.959 0.954 0.960 0.963 0.953 0.948 0.942 0.939 0.938 0.938 0.939 0.939 0.939 0.940 0.940 0.941 0.942 0.946 0.940
0.000 0.000 0.000 0.000 0.000 0.000 0.000 0.000 0.000 0.000 0.000 0.000 0.000 0.000 0.000 0.000 0.000 0.000 0.000 0.000 0.000 0.000 0.001 0.003 0.005 0.004 0.011 0.032 0.065 0.091 0.150 0.211 0.274 0.328 0.419 0.518 0.621 0.694 0.758 0.864 0.949 0.949 0.962 0.991 1.000 1.000 0.983 0.973 0.987 0.998 0.992 0.988 0.984 0.979 0.968 0.962 0.963 0.961 0.956 0.953 0.954 0.957 0.947 0.932 0.927 0.926 0.924 0.930 0.928 0.926 0.925 0.925 0.925 0.925 0.931 0.947 0.929
0.000 0.000 0.000 0.000 0.000 0.000 0.000 0.000 0.000 0.000 0.000 0.000 0.000 0.000 0.000 0.000 0.000 0.000 0.000 0.000 0.000 0.001 0.002 0.003 0.004 0.012 0.020 0.028 0.042 0.059 0.123 0.190 0.242 0.293 0.343 0.441 0.524 0.606 0.678 0.775 0.852 0.905 0.920 0.967 0.964 0.963 0.944 0.944 0.960 0.970 0.964 0.962 0.957 0.952 0.948 0.949 0.949 0.950 0.950 0.950 0.951 0.951 0.936 0.920 0.903 0.900 0.886 0.919 0.941 0.928 0.887 0.906 0.906 0.914 0.931 0.948 0.927
0.000 0.000 0.000 0.000 0.000 0.000 0.000 0.000 0.000 0.000 0.000 0.000 0.000 0.000 0.000 0.000 0.000 0.000 0.000 0.000 0.000 0.000 0.001 0.002 0.003 0.003 0.011 0.013 0.014 0.028 0.094 0.140 0.188 0.241 0.296 0.332 0.416 0.500 0.597 0.674 0.749 0.824 0.899 0.958 0.950 0.925 0.929 0.933 0.938 0.943 0.942 0.942 0.939 0.934 0.931 0.934 0.935 0.945 0.933 0.927 0.929 0.917 0.893 0.879 0.866 0.860 0.846 0.883 0.919 0.882 0.846 0.871 0.890 0.912 0.931 0.949 0.887
0.000 0.000 0.000 0.000 0.000 0.000 0.000 0.000 0.000 0.000 0.000 0.000 0.000 0.000 0.000 0.000 0.000 0.000 0.000 0.000 0.000 0.000 0.000 0.001 0.001 0.000 0.002 0.002 0.001 0.000 0.041 0.085 0.130 0.183 0.247 0.272 0.297 0.403 0.517 0.601 0.676 0.772 0.872 0.950 0.937 0.920 0.907 0.913 0.911 0.934 0.940 0.938 0.928 0.917 0.914 0.917 0.931 0.945 0.932 0.905 0.889 0.874 0.843 0.822 0.814 0.809 0.805 0.823 0.824 0.825 0.804 0.824 0.825 0.827 0.849 0.863 0.831
0.000 0.000 0.000 0.000 0.000 0.000 0.000 0.000 0.000 0.000 0.000 0.000 0.000 0.000 0.000 0.000 0.000 0.000 0.000 0.000 0.000 0.000 0.000 0.000 0.000 0.003 0.007 0.008 0.006 0.002 0.024 0.067 0.100 0.138 0.198 0.219 0.239 0.325 0.438 0.521 0.598 0.702 0.805 0.908 0.913 0.901 0.890 0.880 0.864 0.891 0.947 0.937 0.920 0.904 0.897 0.912 0.930 0.946 0.929 0.889 0.849 0.831 0.802 0.777 0.761 0.757 0.735 0.735 0.735 0.735 0.755 0.773 0.772 0.757 0.755 0.767 0.738
0.000 0.000 0.000 0.000 0.000 0.000 0.000 0.000 0.000 0.000 0.000 0.000 0.000 0.000 0.000 0.000 0.000 0.000 0.000 0.000 0.000 0.000 0.000 0.000 0.000 0.003 0.007 0.009 0.006 0.003 0.025 0.037 0.059 0.099 0.151 0.179 0.205 0.275 0.356 0.428 0.506 0.593 0.695 0.793 0.807 0.801 0.803 0.816 0.817 0.848 0.872 0.869 0.857 0.845 0.851 0.864 0.886 0.906 0.883 0.848 0.812 0.782 0.759 0.736 0.713 0.680 0.644 0.647 0.651 0.674 0.698 0.722 0.718 0.694 0.671 0.669 0.642
0.000 0.000 0.000 0.000 0.000 0.000 0.000 0.000 0.000 0.000 0.000 0.000 0.000 0.000 0.000 0.000 0.000 0.000 0.000 0.000 0.000 0.000 0.000 0.000 0.000 0.000 0.002 0.002 0.002 0.004 0.011 0.012 0.018 0.060 0.101 0.142 0.172 0.236 0.277 0.335 0.414 0.496 0.580 0.675 0.687 0.726 0.745 0.755 0.765 0.767 0.783 0.779 0.777 0.794 0.799 0.784 0.798 0.811 0.789 0.757 0.741 0.724 0.678 0.655 0.623 0.589 0.553 0.556 0.538 0.568 0.596 0.625 0.621 0.602 0.582 0.569 0.549
0.000 0.000 0.000 0.000 0.000 0.000 0.000 0.000 0.000 0.000 0.000 0.000 0.000 0.000 0.000 0.000 0.000 0.000 0.000 0.000 0.000 0.000 0.000 0.000 0.000 0.000 0.000 0.000 0.000 0.001 0.003 0.003 0.002 0.021 0.059 0.098 0.135 0.174 0.213 0.253 0.319 0.398 0.477 0.555 0.588 0.638 0.715 0.723 0.674 0.678 0.695 0.689 0.697 0.744 0.746 0.712 0.702 0.715 0.691 0.674 0.687 0.666 0.616 0.561 0.528 0.494 0.457 0.422 0.408 0.441 0.471 0.501 0.495 0.477 0.466 0.460 0.454
0.000 0.000 0.000 0.000 0.000 0.000 0.000 0.000 0.000 0.000 0.000 0.000 0.000 0.000 0.000 0.000 0.000 0.000 0.000 0.000 0.000 0.000 0.000 0.000 0.000 0.000 0.000 0.000 0.000 0.002 0.007 0.007 0.001 0.015 0.044 0.073 0.100 0.149 0.188 0.216 0.254 0.325 0.402 0.456 0.498 0.550 0.617 0.628 0.579 0.586 0.600 0.596 0.608 0.668 0.669 0.617 0.610 0.620 0.596 0.585 0.622 0.608 0.544 0.480 0.428 0.389 0.339 0.289 0.279 0.312 0.346 0.376 0.368 0.377 0.336 0.332 0.330
0.000 0.000 0.000 0.000 0.000 0.000 0.000 0.000 0.000 0.000 0.000 0.000 0.000 0.000 0.000 0.000 0.000 0.000 0.000 0.000 0.000 0.000 0.000 0.000 0.000 0.000 0.000 0.000 0.000 0.002 0.006 0.006 0.001 0.016 0.025 0.037 0.066 0.116 0.150 0.173 0.213 0.257 0.307 0.359 0.404 0.445 0.462 0.480 0.483 0.488 0.494 0.501 0.519 0.538 0.545 0.521 0.518 0.512 0.503 0.495 0.520 0.504 0.449 0.387 0.326 0.294 0.241 0.187 0.171 0.200 0.228 0.256 0.275 0.287 0.226 0.201 0.256
0.000 0.000 0.000 0.000 0.000 0.000 0.000 0.000 0.000 0.000 0.000 0.000 0.000 0.000 0.000 0.000 0.000 0.000 0.000 0.000 0.000 0.000 0.000 0.000 0.000 0.000 0.000 0.000 0.000 0.000 0.000 0.000 0.001 0.004 0.005 0.006 0.031 0.066 0.100 0.130 0.167 0.188 0.210 0.262 0.301 0.334 0.354 0.368 0.388 0.352 0.361 0.371 0.402 0.406 0.411 0.417 0.403 0.399 0.394 0.387 0.370 0.354 0.338 0.278 0.217 0.214 0.180 0.143 0.135 0.158 0.185 0.184 0.191 0.198 0.153 0.151 0.182
0.000 0.000 0.000 0.000 0.000 0.000 0.000 0.000 0.000 0.000 0.000 0.000 0.000 0.000 0.000 0.000 0.000 0.000 0.000 0.000 0.000 0.000 0.000 0.000 0.000 0.000 0.000 0.000 0.000 0.000 0.000 0.000 0.002 0.004 0.004 0.004 0.009 0.035 0.067 0.094 0.116 0.135 0.153 0.169 0.198 0.227 0.256 0.280 0.302 0.238 0.207 0.281 0.315 0.304 0.312 0.332 0.277 0.259 0.283 0.304 0.278 0.258 0.250 0.169 0.111 0.108 0.137 0.104 0.100 0.116 0.111 0.110 0.118 0.128 0.127 0.126 0.125
0.000 0.000 0.000 0.000 0.000 0.000 0.000 0.000 0.000 0.000 0.000 0.000 0.000 0.000 0.000 0.000 0.000 0.000 0.000 0.000 0.000 0.000 0.000 0.000 0.000 0.000 0.000 0.000 0.000 0.000 0.000 0.002 0.005 0.008 0.011 0.015 0.020 0.025 0.047 0.064 0.091 0.113 0.123 0.132 0.148 0.176 0.186 0.196 0.211 0.157 0.158 0.199 0.227 0.221 0.228 0.248 0.187 0.162 0.209 0.225 0.194 0.183 0.180 0.089 0.010 0.070 0.097 0.066 0.056 0.048 0.040 0.036 0.064 0.092 0.077 0.076 0.088
0.000 0.000 0.000 0.000 0.000 0.000 0.000 0.000 0.000 0.000 0.000 0.000 0.000 0.000 0.000 0.000 0.000 0.000 0.000 0.000 0.000 0.000 0.000 0.000 0.000 0.000 0.000 0.000 0.000 0.000 0.000 0.000 0.002 0.005 0.006 0.007 0.013 0.021 0.018 0.034 0.061 0.085 0.087 0.096 0.107 0.104 0.113 0.122 0.134 0.137 0.140 0.142 0.148 0.151 0.154 0.159 0.141 0.139 0.136 0.146 0.135 0.118 0.109 0.026 0.004 0.035 0.056 0.037 0.033 0.021 0.009 0.005 0.033 0.057 0.040 0.042 0.057
0.000 0.000 0.000 0.000 0.000 0.000 0.000 0.000 0.000 0.000 0.000 0.000 0.000 0.000 0.000 0.000 0.000 0.000 0.000 0.000 0.000 0.000 0.000 0.000 0.000 0.000 0.000 0.000 0.000 0.000 0.000 0.000 0.000 0.002 0.003 0.001 0.005 0.016 0.010 0.005 0.037 0.059 0.054 0.057 0.048 0.040 0.039 0.063 0.098 0.082 0.085 0.101 0.081 0.074 0.078 0.111 0.101 0.100 0.098 0.089 0.079 0.061 0.049 0.024 0.005 0.024 0.031 0.027 0.023 0.019 0.016 0.015 0.014 0.023 0.022 0.021 0.027
0.000 0.000 0.000 0.000 0.000 0.000 0.000 0.000 0.000 0.000 0.000 0.000 0.000 0.000 0.000 0.000 0.000 0.000 0.000 0.000 0.000 0.000 0.000 0.000 0.000 0.000 0.000 0.000 0.000 0.000 0.000 0.000 0.000 0.000 0.000 0.000 0.002 0.010 0.003 0.005 0.014 0.034 0.032 0.034 0.023 0.011 0.005 0.031 0.062 0.043 0.045 0.067 0.043 0.001 0.041 0.076 0.059 0.049 0.040 0.031 0.022 0.014 0.016 0.018 0.006 0.013 0.014 0.012 0.009 0.013 0.010 0.010 0.012 0.012 0.010 0.009 0.009
0.000 0.000 0.000 0.000 0.000 0.000 0.000 0.000 0.000 0.000 0.000 0.000 0.000 0.000 0.000 0.000 0.000 0.000 0.000 0.000 0.000 0.000 0.000 0.000 0.000 0.000 0.000 0.000 0.000 0.000 0.000 0.000 0.000 0.000 0.000 0.000 0.003 0.005 0.007 0.008 0.010 0.014 0.020 0.021 0.020 0.015 0.015 0.014 0.026 0.024 0.025 0.034 0.011 0.010 0.010 0.041 0.030 0.029 0.021 0.009 0.003 0.002 0.002 0.002 0.000 0.000 0.000 0.000 0.003 0.008 0.003 0.002 0.007 0.007 0.002 0.003 0.006
0.000 0.000 0.000 0.000 0.000 0.000 0.000 0.000 0.000 0.000 0.000 0.000 0.000 0.000 0.000 0.000 0.000 0.000 0.000 0.000 0.000 0.000 0.000 0.000 0.000 0.000 0.000 0.000 0.000 0.000 0.000 0.000 0.000 0.000 0.000 0.000 0.002 0.002 0.002 0.004 0.005 0.005 0.008 0.009 0.009 0.010 0.011 0.011 0.012 0.012 0.013 0.015 0.014 0.015 0.015 0.016 0.014 0.013 0.012 0.010 0.008 0.006 0.005 0.002 0.000 0.000 0.000 0.000 0.000 0.003 0.000 0.000 0.002 0.002 0.000 0.000 0.003
0.000 0.000 0.000 0.000 0.000 0.000 0.000 0.000 0.000 0.000 0.000 0.000 0.000 0.000 0.000 0.000 0.000 0.000 0.000 0.000 0.000 0.000 0.000 0.000 0.000 0.000 0.000 0.000 0.000 0.000 0.000 0.000 0.000 0.000 0.000 0.000 0.000 0.000 0.000 0.000 0.000 0.000 0.000 0.000 0.000 0.000 0.001 0.001 0.002 0.002 0.005 0.010 0.006 0.005 0.008 0.010 0.006 0.005 0.008 0.006 0.004 0.004 0.004 0.002 0.000 0.000 0.000 0.000 0.000 0.000 0.000 0.000 0.000 0.000 0.000 0.000 0.000
0.000 0.000 0.000 0.000 0.000 0.000 0.000 0.000 0.000 0.000 0.000 0.000 0.000 0.000 0.000 0.000 0.000 0.000 0.000 0.000 0.000 0.000 0.000 0.000 0.000 0.000 0.000 0.000 0.000 0.000 0.000 0.000 0.000 0.000 0.000 0.000 0.000 0.000 0.000 0.000 0.000 0.000 0.000 0.000 0.000 0.000 0.000 0.000 0.000 0.000 0.000 0.005 0.001 0.000 0.004 0.005 0.000 0.001 0.005 0.002 0.000 0.002 0.003 0.001 0.000 0.000 0.000 0.000 0.000 0.000 0.000 0.000 0.000 0.000 0.000 0.000 0.000
0.000 0.000 0.000 0.000 0.000 0.000 0.000 0.000 0.000 0.000 0.000 0.000 0.000 0.000 0.000 0.000 0.000 0.000 0.000 0.000 0.000 0.000 0.000 0.000 0.000 0.000 0.000 0.000 0.000 0.000 0.000 0.000 0.000 0.000 0.000 0.000 0.000 0.000 0.000 0.000 0.000 0.000 0.000 0.000 0.000 0.000 0.000 0.000 0.000 0.000 0.000 0.001 0.000 0.000 0.000 0.000 0.000 0.000 0.002 0.000 0.000 0.000 0.001 0.000 0.000 0.000 0.000 0.000 0.000 0.000 0.000 0.000 0.000 0.000 0.000 0.000 0.000
0.000 0.000 0.000 0.000 0.000 0.000 0.000 0.000 0.000 0.000 0.000 0.000 0.000 0.000 0.000 0.000 0.000 0.000 0.000 0.000 0.000 0.000 0.000 0.000 0.000 0.000 0.000 0.000 0.000 0.000 0.000 0.000 0.000 0.000 0.000 0.000 0.000 0.000 0.000 0.000 0.000 0.000 0.000 0.000 0.000 0.000 0.000 0.000 0.000 0.000 0.000 0.000 0.000 0.000 0.000 0.000 0.000 0.000 0.000 0.000 0.000 0.000 0.000 0.000 0.000 0.000 0.000 0.000 0.000 0.000 0.000 0.000 0.000 0.000 0.000 0.000 0.000
0.000 0.000 0.000 0.000 0.000 0.000 0.000 0.000 0.000 0.000 0.000 0.000 0.000 0.000 0.000 0.000 0.000 0.000 0.000 0.000 0.000 0.000 0.000 0.000 0.000 0.000 0.000 0.000 0.000 0.000 0.000 0.000 0.000 0.000 0.000 0.000 0.000 0.000 0.000 0.000 0.000 0.000 0.000 0.000 0.000 0.000 0.000 0.000 0.000 0.000 0.000 0.000 0.000 0.000 0.000 0.000 0.000 0.000 0.000 0.000 0.000 0.000 0.000 0.000 0.000 0.000 0.000 0.000 0.000 0.000 0.000 0.000 0.000 0.000 0.000 0.000 0.000
0.000 0.000 0.000 0.000 0.000 0.000 0.000 0.000 0.000 0.000 0.000 0.000 0.000 0.000 0.000 0.000 0.000 0.000 0.000 0.000 0.000 0.000 0.000 0.000 0.000 0.000 0.000 0.000 0.000 0.000 0.000 0.000 0.000 0.000 0.000 0.000 0.000 0.000 0.000 0.000 0.000 0.000 0.000 0.000 0.000 0.000 0.000 0.000 0.000 0.000 0.000 0.000 0.000 0.000 0.000 0.000 0.000 0.000 0.000 0.000 0.000 0.000 0.000 0.000 0.000 0.000 0.000 0.000 0.000 0.000 0.000 0.000 0.000 0.000 0.000 0.000 0.000
