in/test_suite/Manuel_C003_0001/C003_0001_U_G.asc
ncols    419
nrows    278
xllcorner    0
yllcorner    0
cellsize    10
NODATA_value    -9999
[rows 68 to 101 of 278, columns 0 to 76 of 419]
0.000 0.000 0.000 0.000 0.000 0.000 0.000 0.000 0.000 0.000 0.000 0.000 0.000 0.000 0.000 0.000 0.000 0.000 0.000 0.000 0.000 0.000 0.000 0.000 0.000 0.000 0.000 0.000 0.000 0.000 0.000 0.002 0.004 0.003 0.001 0.004 0.004 0.003 0.007 0.012 0.018 0.023 0.031 0.040 0.049 0.058 0.067 0.077 0.087 0.090 0.094 0.097 0.099 0.094 0.089 0.086 0.080 0.074 0.071 0.066 0.059 0.050 0.043 0.036 0.029 0.019 0.011 0.007 0.006 0.001 0.001 0.002 0.001 0.000 0.000 0.000 0.000
0.000 0.000 0.000 0.000 0.000 0.000 0.000 0.000 0.000 0.000 0.000 0.000 0.000 0.000 0.000 0.000 0.000 0.000 0.000 0.000 0.000 0.000 0.000 0.000 0.000 0.000 0.000 0.000 0.000 0.000 0.000 0.002 0.006 0.003 0.001 0.008 0.011 0.016 0.019 0.021 0.027 0.033 0.039 0.047 0.055 0.062 0.070 0.080 0.089 0.090 0.093 0.097 0.094 0.089 0.085 0.080 0.074 0.068 0.066 0.060 0.051 0.042 0.034 0.028 0.022 0.010 0.001 0.005 0.005 0.001 0.001 0.001 0.001 0.000 0.000 0.000 0.000
0.000 0.000 0.000 0.000 0.000 0.000 0.000 0.000 0.000 0.000 0.000 0.000 0.000 0.000 0.000 0.000 0.000 0.000 0.000 0.000 0.000 0.000 0.000 0.000 0.000 0.000 0.000 0.000 0.000 0.000 0.000 0.002 0.003 0.002 0.002 0.010 0.022 0.029 0.031 0.038 0.027 0.034 0.041 0.054 0.062 0.068 0.074 0.082 0.091 0.091 0.091 0.088 0.085 0.082 0.078 0.073 0.068 0.063 0.057 0.050 0.042 0.034 0.027 0.020 0.014 0.004 0.002 0.003 0.003 0.000 0.000 0.000 0.000 0.000 0.000 0.000 0.000
0.000 0.000 0.000 0.000 0.000 0.000 0.000 0.000 0.000 0.000 0.000 0.000 0.000 0.000 0.000 0.000 0.000 0.000 0.000 0.000 0.001 0.001 0.001 0.000 0.002 0.002 0.002 0.004 0.004 0.003 0.003 0.005 0.004 0.003 0.007 0.017 0.028 0.040 0.050 0.062 0.035 0.024 0.039 0.054 0.068 0.075 0.080 0.086 0.093 0.092 0.087 0.084 0.080 0.076 0.073 0.068 0.063 0.055 0.047 0.040 0.033 0.026 0.019 0.013 0.008 0.006 0.005 0.003 0.002 0.001 0.000 0.000 0.000 0.000 0.000 0.000 0.000
0.000 0.000 0.000 0.000 0.000 0.000 0.000 0.000 0.000 0.000 0.000 0.000 0.000 0.000 0.000 0.000 0.000 0.000 0.000 0.001 0.002 0.003 0.002 0.000 0.003 0.005 0.007 0.009 0.011 0.012 0.015 0.019 0.020 0.024 0.037 0.054 0.064 0.071 0.075 0.084 0.057 0.053 0.060 0.073 0.082 0.086 0.091 0.096 0.094 0.089 0.085 0.080 0.076 0.071 0.068 0.065 0.055 0.046 0.039 0.031 0.023 0.014 0.007 0.003 0.003 0.003 0.002 0.002 0.001 0.001 0.000 0.000 0.000 0.000 0.000 0.000 0.000
0.000 0.000 0.000 0.000 0.000 0.000 0.000 0.000 0.000 0.000 0.000 0.000 0.000 0.000 0.000 0.000 0.000 0.000 0.000 0.000 0.001 0.001 0.001 0.000 0.003 0.009 0.013 0.015 0.013 0.009 0.014 0.019 0.043 0.052 0.066 0.085 0.097 0.103 0.106 0.109 0.105 0.101 0.099 0.101 0.097 0.102 0.108 0.106 0.098 0.086 0.082 0.074 0.070 0.066 0.063 0.055 0.047 0.038 0.030 0.024 0.015 0.006 0.000 0.000 0.000 0.000 0.000 0.001 0.001 0.000 0.000 0.000 0.000 0.000 0.000 0.000 0.000
0.000 0.000 0.000 0.000 0.000 0.000 0.000 0.000 0.000 0.000 0.000 0.000 0.000 0.000 0.000 0.000 0.000 0.001 0.001 0.000 0.002 0.002 0.001 0.003 0.008 0.013 0.017 0.016 0.011 0.006 0.002 0.038 0.073 0.081 0.094 0.109 0.124 0.135 0.139 0.147 0.153 0.150 0.139 0.119 0.113 0.117 0.121 0.110 0.102 0.090 0.075 0.067 0.063 0.060 0.052 0.045 0.038 0.029 0.020 0.015 0.010 0.004 0.000 0.002 0.002 0.001 0.000 0.000 0.000 0.000 0.000 0.000 0.000 0.000 0.000 0.000 0.000
0.000 0.000 0.000 0.000 0.000 0.000 0.000 0.000 0.000 0.000 0.000 0.000 0.000 0.000 0.000 0.000 0.001 0.001 0.001 0.000 0.003 0.006 0.008 0.013 0.025 0.029 0.034 0.039 0.037 0.030 0.035 0.071 0.104 0.112 0.132 0.146 0.159 0.178 0.185 0.192 0.198 0.192 0.170 0.149 0.128 0.131 0.133 0.118 0.105 0.090 0.074 0.060 0.055 0.049 0.042 0.035 0.029 0.021 0.011 0.005 0.005 0.004 0.000 0.002 0.002 0.000 0.000 0.000 0.000 0.000 0.000 0.000 0.000 0.000 0.000 0.000 0.000
0.000 0.000 0.000 0.000 0.000 0.000 0.000 0.000 0.000 0.000 0.000 0.000 0.000 0.000 0.001 0.000 0.001 0.002 0.002 0.000 0.003 0.012 0.017 0.022 0.034 0.046 0.050 0.056 0.063 0.070 0.078 0.110 0.136 0.151 0.172 0.195 0.215 0.239 0.247 0.254 0.271 0.261 0.230 0.208 0.175 0.145 0.145 0.130 0.113 0.096 0.080 0.059 0.048 0.041 0.034 0.026 0.021 0.013 0.001 0.000 0.000 0.000 0.000 0.000 0.000 0.000 0.000 0.000 0.000 0.000 0.000 0.000 0.000 0.000 0.000 0.000 0.000
0.000 0.000 0.000 0.000 0.000 0.000 0.000 0.000 0.000 0.000 0.000 0.000 0.000 0.001 0.001 0.001 0.001 0.004 0.003 0.000 0.008 0.019 0.025 0.032 0.044 0.056 0.067 0.074 0.092 0.110 0.121 0.150 0.173 0.191 0.212 0.243 0.277 0.301 0.309 0.325 0.349 0.336 0.295 0.251 0.219 0.187 0.158 0.140 0.123 0.106 0.084 0.057 0.046 0.037 0.026 0.018 0.014 0.005 0.001 0.001 0.001 0.001 0.000 0.000 0.000 0.000 0.000 0.000 0.000 0.000 0.000 0.000 0.000 0.000 0.000 0.000 0.000
0.000 0.000 0.000 0.000 0.000 0.000 0.000 0.000 0.000 0.000 0.000 0.000 0.001 0.002 0.002 0.003 0.004 0.006 0.005 0.009 0.016 0.026 0.032 0.043 0.055 0.067 0.081 0.104 0.122 0.140 0.161 0.186 0.209 0.228 0.260 0.296 0.332 0.362 0.358 0.376 0.427 0.406 0.349 0.291 0.250 0.211 0.174 0.159 0.141 0.108 0.082 0.056 0.045 0.030 0.017 0.009 0.006 0.005 0.000 0.001 0.002 0.001 0.000 0.000 0.000 0.000 0.000 0.000 0.000 0.000 0.000 0.000 0.000 0.000 0.000 0.000 0.000
0.000 0.000 0.000 0.000 0.000 0.000 0.000 0.000 0.000 0.000 0.000 0.000 0.001 0.002 0.003 0.003 0.005 0.007 0.014 0.020 0.027 0.034 0.045 0.056 0.067 0.082 0.102 0.129 0.152 0.174 0.198 0.222 0.245 0.273 0.310 0.347 0.381 0.398 0.407 0.428 0.450 0.421 0.368 0.314 0.272 0.225 0.190 0.175 0.141 0.100 0.076 0.055 0.039 0.024 0.009 0.002 0.005 0.004 0.000 0.001 0.001 0.001 0.000 0.000 0.000 0.000 0.000 0.000 0.000 0.000 0.000 0.000 0.000 0.000 0.000 0.000 0.000
0.000 0.001 0.001 0.001 0.001 0.001 0.001 0.000 0.000 0.000 0.000 0.000 0.000 0.005 0.007 0.001 0.003 0.018 0.022 0.026 0.035 0.044 0.043 0.055 0.078 0.103 0.122 0.150 0.180 0.211 0.235 0.259 0.291 0.320 0.358 0.398 0.422 0.434 0.446 0.441 0.415 0.389 0.357 0.320 0.286 0.238 0.205 0.165 0.130 0.093 0.070 0.050 0.031 0.016 0.005 0.002 0.003 0.002 0.000 0.000 0.000 0.000 0.000 0.000 0.000 0.000 0.000 0.000 0.000 0.000 0.000 0.000 0.000 0.000 0.000 0.000 0.000
0.002 0.002 0.003 0.003 0.002 0.001 0.004 0.004 0.005 0.005 0.005 0.005 0.001 0.009 0.010 0.007 0.015 0.030 0.033 0.037 0.049 0.057 0.052 0.067 0.099 0.122 0.143 0.172 0.204 0.244 0.272 0.290 0.327 0.368 0.400 0.433 0.540 0.553 0.498 0.454 0.432 0.402 0.368 0.335 0.299 0.249 0.192 0.151 0.116 0.082 0.058 0.040 0.022 0.013 0.009 0.006 0.002 0.001 0.001 0.000 0.000 0.000 0.000 0.000 0.000 0.000 0.000 0.000 0.000 0.000 0.000 0.000 0.000 0.000 0.000 0.000 0.000
0.004 0.004 0.005 0.004 0.002 0.001 0.004 0.009 0.010 0.011 0.010 0.004 0.002 0.011 0.017 0.022 0.030 0.041 0.048 0.056 0.063 0.069 0.075 0.092 0.119 0.142 0.156 0.195 0.227 0.266 0.301 0.322 0.360 0.400 0.430 0.469 0.575 0.591 0.496 0.457 0.451 0.419 0.386 0.351 0.306 0.229 0.174 0.137 0.101 0.067 0.033 0.011 0.009 0.009 0.004 0.001 0.001 0.001 0.000 0.000 0.000 0.000 0.000 0.000 0.000 0.000 0.000 0.000 0.000 0.000 0.000 0.000 0.000 0.000 0.000 0.000 0.000
0.008 0.006 0.005 0.003 0.001 0.001 0.006 0.011 0.015 0.015 0.009 0.004 0.002 0.014 0.029 0.037 0.046 0.052 0.058 0.067 0.075 0.094 0.103 0.121 0.141 0.153 0.169 0.209 0.249 0.287 0.321 0.351 0.385 0.420 0.455 0.504 0.516 0.515 0.493 0.457 0.422 0.387 0.354 0.318 0.271 0.208 0.155 0.119 0.084 0.050 0.016 0.001 0.007 0.006 0.001 0.000 0.001 0.000 0.000 0.000 0.000 0.000 0.000 0.000 0.000 0.000 0.000 0.000 0.000 0.000 0.000 0.000 0.000 0.000 0.000 0.000 0.000
0.012 0.014 0.016 0.013 0.012 0.018 0.023 0.026 0.027 0.028 0.021 0.014 0.015 0.027 0.040 0.052 0.057 0.062 0.067 0.074 0.093 0.112 0.131 0.145 0.155 0.165 0.182 0.224 0.266 0.307 0.341 0.369 0.396 0.432 0.468 0.501 0.496 0.488 0.476 0.433 0.397 0.361 0.317 0.270 0.223 0.176 0.138 0.102 0.067 0.031 0.012 0.001 0.005 0.004 0.001 0.000 0.000 0.000 0.000 0.000 0.000 0.000 0.000 0.000 0.000 0.000 0.000 0.000 0.000 0.000 0.000 0.000 0.000 0.000 0.000 0.000 0.000
0.019 0.022 0.025 0.029 0.033 0.039 0.047 0.047 0.042 0.052 0.053 0.053 0.058 0.068 0.081 0.078 0.095 0.101 0.105 0.115 0.132 0.150 0.164 0.180 0.188 0.196 0.211 0.252 0.292 0.333 0.363 0.389 0.414 0.442 0.489 0.519 0.521 0.509 0.483 0.430 0.380 0.339 0.288 0.226 0.179 0.143 0.088 0.048 0.017 0.018 0.011 0.001 0.004 0.004 0.000 0.000 0.000 0.000 0.000 0.000 0.000 0.000 0.000 0.000 0.000 0.000 0.000 0.000 0.000 0.000 0.000 0.000 0.000 0.000 0.000 0.000 0.000
0.023 0.025 0.036 0.053 0.054 0.061 0.076 0.063 0.058 0.068 0.087 0.096 0.102 0.110 0.105 0.102 0.120 0.143 0.150 0.161 0.178 0.191 0.201 0.220 0.237 0.245 0.262 0.303 0.343 0.369 0.407 0.439 0.465 0.491 0.509 0.537 0.548 0.519 0.491 0.435 0.371 0.312 0.260 0.196 0.148 0.115 0.058 0.003 0.001 0.000 0.000 0.000 0.001 0.001 0.000 0.000 0.000 0.000 0.000 0.000 0.000 0.000 0.000 0.000 0.000 0.000 0.000 0.000 0.000 0.000 0.000 0.000 0.000 0.000 0.000 0.000 0.000
0.030 0.040 0.063 0.079 0.078 0.090 0.109 0.094 0.074 0.094 0.115 0.135 0.142 0.136 0.131 0.126 0.157 0.194 0.196 0.207 0.226 0.231 0.238 0.257 0.278 0.294 0.313 0.351 0.378 0.405 0.443 0.486 0.520 0.544 0.554 0.567 0.588 0.554 0.498 0.438 0.373 0.295 0.233 0.182 0.131 0.086 0.041 0.025 0.008 0.007 0.003 0.000 0.000 0.000 0.000 0.000 0.000 0.000 0.000 0.000 0.000 0.000 0.000 0.000 0.000 0.000 0.000 0.000 0.000 0.000 0.000 0.000 0.000 0.000 0.000 0.000 0.000
0.051 0.071 0.091 0.105 0.111 0.125 0.143 0.130 0.145 0.167 0.185 0.199 0.206 0.199 0.190 0.187 0.211 0.245 0.247 0.256 0.275 0.279 0.278 0.295 0.316 0.336 0.360 0.386 0.413 0.440 0.481 0.526 0.572 0.598 0.606 0.614 0.628 0.589 0.514 0.441 0.375 0.290 0.179 0.119 0.073 0.062 0.043 0.029 0.015 0.010 0.003 0.000 0.000 0.000 0.000 0.000 0.000 0.000 0.000 0.000 0.000 0.000 0.000 0.000 0.000 0.000 0.000 0.000 0.000 0.000 0.000 0.000 0.000 0.000 0.000 0.000 0.000
0.076 0.097 0.117 0.139 0.146 0.160 0.182 0.203 0.219 0.242 0.260 0.269 0.276 0.281 0.279 0.280 0.281 0.297 0.305 0.313 0.325 0.329 0.334 0.340 0.359 0.379 0.403 0.430 0.456 0.492 0.534 0.578 0.622 0.649 0.653 0.662 0.668 0.603 0.528 0.453 0.368 0.255 0.144 0.033 0.026 0.059 0.028 0.006 0.006 0.006 0.002 0.000 0.000 0.000 0.000 0.000 0.000 0.000 0.000 0.000 0.000 0.000 0.000 0.000 0.000 0.000 0.000 0.000 0.000 0.000 0.000 0.000 0.000 0.000 0.000 0.000 0.000
0.093 0.118 0.140 0.161 0.181 0.202 0.237 0.272 0.293 0.311 0.326 0.339 0.346 0.361 0.362 0.364 0.365 0.362 0.366 0.374 0.376 0.378 0.385 0.391 0.403 0.423 0.447 0.476 0.514 0.555 0.596 0.638 0.713 0.736 0.693 0.698 0.689 0.616 0.539 0.477 0.406 0.292 0.177 0.057 0.023 0.054 0.021 0.000 0.002 0.003 0.000 0.000 0.000 0.000 0.000 0.000 0.000 0.000 0.000 0.000 0.000 0.000 0.000 0.000 0.000 0.000 0.000 0.000 0.000 0.000 0.000 0.000 0.000 0.000 0.000 0.000 0.000
0.136 0.165 0.189 0.208 0.239 0.280 0.313 0.345 0.372 0.386 0.400 0.413 0.428 0.446 0.445 0.444 0.443 0.439 0.431 0.428 0.417 0.419 0.424 0.436 0.451 0.466 0.491 0.521 0.550 0.591 0.640 0.726 0.807 0.823 0.772 0.718 0.709 0.633 0.558 0.519 0.444 0.331 0.211 0.089 0.061 0.048 0.019 0.000 0.000 0.000 0.000 0.000 0.000 0.000 0.000 0.000 0.000 0.000 0.000 0.000 0.000 0.000 0.000 0.000 0.000 0.000 0.000 0.000 0.000 0.000 0.000 0.000 0.000 0.000 0.000 0.000 0.000
0.182 0.212 0.243 0.280 0.323 0.367 0.407 0.438 0.464 0.481 0.494 0.505 0.515 0.530 0.534 0.538 0.521 0.517 0.497 0.470 0.458 0.461 0.459 0.469 0.485 0.501 0.516 0.549 0.583 0.618 0.710 0.806 0.896 0.902 0.840 0.778 0.729 0.635 0.558 0.557 0.483 0.324 0.223 0.121 0.095 0.055 0.018 0.000 0.000 0.000 0.000 0.000 0.000 0.000 0.000 0.000 0.000 0.000 0.000 0.000 0.000 0.000 0.000 0.000 0.000 0.000 0.000 0.000 0.000 0.000 0.000 0.000 0.000 0.000 0.000 0.000 0.000
0.201 0.232 0.291 0.359 0.407 0.451 0.494 0.531 0.556 0.574 0.594 0.604 0.613 0.622 0.635 0.636 0.613 0.582 0.554 0.526 0.499 0.497 0.494 0.491 0.500 0.497 0.508 0.531 0.566 0.607 0.652 0.748 0.829 0.838 0.791 0.737 0.693 0.629 0.558 0.551 0.469 0.308 0.213 0.142 0.096 0.058 0.020 0.000 0.000 0.000 0.000 0.000 0.000 0.000 0.000 0.000 0.000 0.000 0.000 0.000 0.000 0.000 0.000 0.000 0.000 0.000 0.000 0.000 0.000 0.000 0.000 0.000 0.000 0.000 0.000 0.000 0.000
0.237 0.298 0.363 0.428 0.493 0.534 0.576 0.619 0.650 0.672 0.693 0.711 0.720 0.728 0.736 0.735 0.679 0.640 0.614 0.585 0.542 0.521 0.518 0.509 0.495 0.493 0.505 0.524 0.555 0.596 0.638 0.672 0.745 0.748 0.717 0.681 0.636 0.593 0.542 0.463 0.384 0.292 0.207 0.143 0.080 0.037 0.010 0.000 0.000 0.000 0.000 0.000 0.000 0.000 0.000 0.000 0.000 0.000 0.000 0.000 0.000 0.000 0.000 0.000 0.000 0.000 0.000 0.000 0.000 0.000 0.000 0.000 0.000 0.000 0.000 0.000 0.000
0.331 0.399 0.473 0.538 0.601 0.636 0.678 0.721 0.750 0.771 0.791 0.802 0.809 0.819 0.829 0.797 0.734 0.697 0.671 0.627 0.585 0.559 0.529 0.499 0.487 0.489 0.506 0.528 0.551 0.585 0.607 0.626 0.661 0.659 0.640 0.751 0.710 0.614 0.480 0.407 0.325 0.240 0.155 0.097 0.039 0.028 0.009 0.000 0.000 0.000 0.000 0.000 0.000 0.000 0.000 0.000 0.000 0.000 0.000 0.000 0.000 0.000 0.000 0.000 0.000 0.000 0.000 0.000 0.000 0.000 0.000 0.000 0.000 0.000 0.000 0.000 0.000
0.427 0.497 0.576 0.647 0.708 0.744 0.782 0.826 0.854 0.870 0.878 0.884 0.891 0.896 0.861 0.826 0.789 0.752 0.721 0.670 0.628 0.587 0.533 0.489 0.480 0.474 0.469 0.494 0.520 0.517 0.535 0.558 0.580 0.582 0.566 0.682 0.727 0.543 0.417 0.354 0.274 0.186 0.091 0.009 0.006 0.007 0.008 0.000 0.000 0.000 0.000 0.000 0.000 0.000 0.000 0.000 0.000 0.000 0.000 0.000 0.000 0.000 0.000 0.000 0.000 0.000 0.000 0.000 0.000 0.000 0.000 0.000 0.000 0.000 0.000 0.000 0.000
0.521 0.595 0.673 0.751 0.816 0.853 0.891 0.931 0.957 0.986 1.014 1.020 1.007 0.952 0.923 0.886 0.845 0.802 0.771 0.719 0.651 0.595 0.542 0.488 0.457 0.452 0.447 0.442 0.439 0.437 0.436 0.454 0.471 0.488 0.497 0.534 0.517 0.471 0.353 0.264 0.212 0.132 0.039 0.003 0.008 0.007 0.005 0.000 0.000 0.000 0.000 0.000 0.000 0.000 0.000 0.000 0.000 0.000 0.000 0.000 0.000 0.000 0.000 0.000 0.000 0.000 0.000 0.000 0.000 0.000 0.000 0.000 0.000 0.000 0.000 0.000 0.000
0.603 0.679 0.758 0.838 0.908 0.949 0.989 1.032 1.058 1.090 1.121 1.135 1.061 1.008 0.991 0.955 0.909 0.863 0.820 0.749 0.672 0.595 0.542 0.482 0.415 0.387 0.383 0.379 0.358 0.356 0.361 0.339 0.355 0.372 0.403 0.379 0.353 0.328 0.258 0.163 0.114 0.083 0.036 0.003 0.015 0.017 0.011 0.005 0.000 0.000 0.000 0.000 0.000 0.000 0.000 0.000 0.000 0.000 0.000 0.000 0.000 0.000 0.000 0.000 0.000 0.000 0.000 0.000 0.000 0.000 0.000 0.000 0.000 0.000 0.000 0.000 0.000
0.687 0.762 0.838 0.916 0.984 1.029 1.077 1.148 1.151 1.156 1.164 1.142 1.114 1.065 1.045 0.988 0.938 0.895 0.830 0.749 0.674 0.600 0.535 0.475 0.407 0.335 0.326 0.320 0.291 0.281 0.292 0.267 0.234 0.279 0.314 0.293 0.265 0.202 0.138 0.062 0.030 0.033 0.033 0.004 0.013 0.012 0.007 0.001 0.000 0.000 0.000 0.000 0.000 0.000 0.000 0.000 0.000 0.000 0.000 0.000 0.000 0.000 0.000 0.000 0.000 0.000 0.000 0.000 0.000 0.000 0.000 0.000 0.000 0.000 0.000 0.000 0.000
0.807 0.879 0.934 0.995 1.061 1.117 1.192 1.264 1.261 1.230 1.198 1.173 1.147 1.118 1.097 1.037 0.964 0.897 0.829 0.743 0.666 0.599 0.533 0.467 0.393 0.316 0.275 0.261 0.216 0.207 0.223 0.195 0.180 0.195 0.226 0.205 0.188 0.126 0.057 0.002 0.007 0.006 0.005 0.001 0.007 0.006 0.001 0.000 0.000 0.000 0.000 0.000 0.000 0.000 0.000 0.000 0.000 0.000 0.000 0.000 0.000 0.000 0.000 0.000 0.000 0.000 0.000 0.000 0.000 0.000 0.000 0.000 0.000 0.000 0.000 0.000 0.000
0.898 0.961 1.021 1.081 1.150 1.228 1.304 1.379 1.356 1.315 1.274 1.244 1.211 1.178 1.149 1.083 0.990 0.898 0.829 0.740 0.659 0.592 0.526 0.452 0.372 0.298 0.256 0.183 0.133 0.128 0.154 0.147 0.133 0.140 0.139 0.122 0.104 0.087 0.037 0.000 0.016 0.022 0.015 0.006 0.002 0.000 0.000 0.000 0.000 0.000 0.000 0.000 0.000 0.000 0.000 0.000 0.000 0.000 0.000 0.000 0.000 0.000 0.000 0.000 0.000 0.000 0.000 0.000 0.000 0.000 0.000 0.000 0.000 0.000 0.000 0.000 0.000
