in/test_suite/Manuel_C003_0001/C003_0001_U_G.asc
ncols    419
nrows    278
xllcorner    0
yllcorner    0
cellsize    10
NODATA_value    -9999
[rows 0 to 33 of 278, columns 154 to 230 of 419]
0.000 0.000 0.000 0.000 0.000 0.000 0.000 0.000 0.000 0.000 0.000 0.000 0.000 0.000 0.000 0.000 0.000 0.000 0.000 0.000 0.000 0.000 0.000 0.000 0.000 0.000 0.000 0.000 0.000 0.000 0.000 0.000 0.000 0.000 0.000 0.000 0.000 0.000 0.000 0.000 0.000 0.000 0.000 0.000 0.000 0.000 0.000 0.000 0.000 0.000 0.000 0.000 0.000 0.000 0.000 0.000 0.000 0.000 0.000 0.000 0.000 0.000 0.000 0.000 0.000 0.000 0.000 0.000 0.000 0.000 0.000 0.000 0.000 0.000 0.000 0.000 0.000
0.000 0.000 0.000 0.000 0.000 0.000 0.000 0.000 0.000 0.000 0.000 0.000 0.000 0.000 0.000 0.000 0.000 0.000 0.000 0.000 0.000 0.000 0.000 0.000 0.000 0.000 0.000 0.000 0.000 0.000 0.000 0.000 0.000 0.000 0.000 0.000 0.000 0.000 0.000 0.000 0.000 0.000 0.000 0.000 0.000 0.000 0.000 0.000 0.000 0.000 0.000 0.000 0.000 0.000 0.000 0.000 0.000 0.000 0.000 0.000 0.000 0.000 0.000 0.000 0.000 0.000 0.000 0.000 0.000 0.000 0.000 0.000 0.000 0.000 0.000 0.000 0.000
0.000 0.000 0.000 0.000 0.000 0.000 0.000 0.000 0.000 0.000 0.000 0.000 0.000 0.000 0.000 0.000 0.000 0.000 0.000 0.000 0.000 0.000 0.000 0.000 0.000 0.000 0.000 0.000 0.000 0.000 0.000 0.000 0.000 0.000 0.000 0.000 0.000 0.000 0.000 0.000 0.000 0.000 0.000 0.000 0.000 0.000 0.000 0.000 0.000 0.000 0.000 0.000 0.000 0.000 0.000 0.000 0.000 0.000 0.000 0.000 0.000 0.000 0.000 0.000 0.000 0.000 0.000 0.000 0.000 0.000 0.000 0.000 0.000 0.000 0.000 0.000 0.000
0.000 0.000 0.000 0.000 0.000 0.000 0.000 0.000 0.000 0.000 0.000 0.000 0.000 0.000 0.000 0.000 0.000 0.000 0.000 0.000 0.000 0.000 0.000 0.000 0.000 0.000 0.000 0.000 0.000 0.000 0.000 0.000 0.000 0.000 0.000 0.000 0.000 0.000 0.000 0.000 0.000 0.000 0.000 0.000 0.000 0.000 0.000 0.000 0.000 0.000 0.000 0.000 0.000 0.000 0.000 0.000 0.000 0.000 0.000 0.000 0.000 0.000 0.000 0.000 0.000 0.000 0.000 0.000 0.000 0.000 0.000 0.000 0.000 0.000 0.000 0.000 0.000
0.000 0.000 0.000 0.000 0.000 0.000 0.000 0.000 0.000 0.000 0.000 0.000 0.000 0.000 0.000 0.000 0.000 0.000 0.000 0.000 0.000 0.000 0.000 0.000 0.000 0.000 0.000 0.000 0.000 0.000 0.000 0.000 0.000 0.000 0.000 0.000 0.000 0.000 0.000 0.000 0.000 0.000 0.000 0.000 0.000 0.000 0.000 0.000 0.000 0.000 0.000 0.000 0.000 0.000 0.000 0.000 0.000 0.000 0.000 0.000 0.000 0.000 0.000 0.000 0.000 0.000 0.000 0.000 0.000 0.000 0.000 0.000 0.000 0.000 0.000 0.000 0.000
0.000 0.000 0.000 0.000 0.000 0.000 0.000 0.000 0.000 0.000 0.000 0.000 0.001 0.000 0.000 0.001 0.000 0.000 0.000 0.000 0.000 0.000 0.000 0.000 0.000 0.000 0.000 0.001 0.000 0.000 0.000 0.000 0.000 0.000 0.000 0.000 0.000 0.000 0.000 0.000 0.000 0.000 0.000 0.000 0.000 0.000 0.000 0.000 0.000 0.000 0.000 0.000 0.000 0.000 0.000 0.000 0.000 0.000 0.000 0.000 0.000 0.000 0.000 0.000 0.000 0.000 0.000 0.000 0.000 0.000 0.000 0.000 0.000 0.000 0.000 0.000 0.000
0.000 0.000 0.000 0.000 0.000 0.000 0.000 0.000 0.001 0.001 0.001 0.000 0.001 0.001 0.002 0.002 0.002 0.002 0.000 0.001 0.002 0.002 0.002 0.001 0.001 0.000 0.001 0.001 0.001 0.000 0.001 0.001 0.000 0.000 0.001 0.000 0.000 0.000 0.000 0.000 0.000 0.001 0.000 0.000 0.000 0.001 0.000 0.000 0.000 0.000 0.000 0.000 0.000 0.000 0.000 0.000 0.000 0.000 0.000 0.000 0.000 0.000 0.000 0.000 0.000 0.000 0.000 0.000 0.000 0.000 0.000 0.000 0.000 0.000 0.000 0.000 0.000
0.000 0.000 0.000 0.000 0.000 0.000 0.000 0.000 0.000 0.001 0.001 0.000 0.001 0.004 0.004 0.004 0.004 0.002 0.000 0.001 0.004 0.003 0.003 0.003 0.002 0.000 0.001 0.002 0.002 0.001 0.001 0.001 0.001 0.001 0.001 0.001 0.001 0.001 0.001 0.001 0.001 0.002 0.001 0.001 0.001 0.001 0.000 0.000 0.000 0.000 0.000 0.000 0.000 0.000 0.000 0.000 0.000 0.000 0.001 0.001 0.000 0.000 0.003 0.002 0.000 0.000 0.000 0.000 0.000 0.000 0.000 0.000 0.000 0.000 0.000 0.000 0.000
0.000 0.000 0.000 0.000 0.000 0.000 0.000 0.000 0.001 0.002 0.001 0.000 0.004 0.006 0.006 0.007 0.007 0.004 0.000 0.003 0.007 0.006 0.005 0.004 0.002 0.000 0.001 0.002 0.003 0.002 0.003 0.001 0.001 0.001 0.002 0.002 0.002 0.002 0.002 0.002 0.002 0.002 0.002 0.002 0.002 0.001 0.000 0.000 0.001 0.001 0.000 0.000 0.000 0.000 0.000 0.000 0.000 0.001 0.002 0.002 0.001 0.003 0.006 0.005 0.003 0.000 0.000 0.000 0.000 0.000 0.000 0.000 0.000 0.000 0.000 0.000 0.000
0.000 0.000 0.000 0.000 0.000 0.000 0.000 0.000 0.001 0.002 0.002 0.003 0.007 0.009 0.010 0.011 0.011 0.007 0.006 0.007 0.011 0.009 0.009 0.006 0.004 0.002 0.002 0.003 0.003 0.004 0.005 0.003 0.000 0.002 0.004 0.003 0.003 0.004 0.003 0.001 0.001 0.006 0.005 0.004 0.004 0.002 0.000 0.000 0.001 0.001 0.000 0.000 0.000 0.000 0.000 0.000 0.001 0.002 0.003 0.003 0.001 0.003 0.009 0.009 0.008 0.002 0.000 0.000 0.000 0.000 0.000 0.000 0.000 0.000 0.000 0.000 0.000
0.000 0.000 0.000 0.000 0.000 0.000 0.000 0.000 0.001 0.003 0.004 0.006 0.009 0.013 0.016 0.016 0.015 0.014 0.014 0.014 0.015 0.014 0.014 0.013 0.011 0.008 0.007 0.008 0.008 0.007 0.007 0.005 0.004 0.004 0.007 0.005 0.005 0.006 0.005 0.002 0.005 0.009 0.008 0.007 0.005 0.003 0.001 0.000 0.000 0.000 0.000 0.001 0.002 0.000 0.000 0.000 0.000 0.001 0.002 0.002 0.001 0.003 0.009 0.014 0.013 0.008 0.002 0.000 0.000 0.000 0.000 0.000 0.000 0.000 0.000 0.000 0.000
0.000 0.000 0.000 0.000 0.000 0.000 0.000 0.000 0.002 0.004 0.006 0.009 0.013 0.017 0.022 0.021 0.021 0.021 0.021 0.021 0.020 0.020 0.019 0.018 0.017 0.015 0.014 0.012 0.011 0.010 0.010 0.010 0.009 0.009 0.009 0.008 0.008 0.009 0.008 0.007 0.010 0.013 0.012 0.012 0.011 0.009 0.007 0.005 0.004 0.004 0.003 0.003 0.003 0.002 0.002 0.002 0.001 0.004 0.004 0.003 0.002 0.005 0.009 0.014 0.019 0.013 0.007 0.001 0.000 0.000 0.000 0.000 0.000 0.000 0.000 0.000 0.000
0.000 0.000 0.000 0.000 0.000 0.000 0.000 0.001 0.002 0.005 0.007 0.010 0.015 0.020 0.024 0.027 0.027 0.027 0.027 0.026 0.025 0.026 0.025 0.023 0.022 0.021 0.019 0.016 0.013 0.013 0.013 0.013 0.012 0.012 0.012 0.011 0.011 0.012 0.013 0.013 0.015 0.017 0.018 0.017 0.017 0.016 0.015 0.012 0.008 0.008 0.007 0.006 0.006 0.006 0.006 0.006 0.009 0.013 0.018 0.018 0.021 0.028 0.035 0.039 0.036 0.009 0.003 0.005 0.001 0.000 0.000 0.003 0.000 0.000 0.000 0.000 0.000
0.000 0.000 0.000 0.000 0.000 0.001 0.002 0.003 0.004 0.006 0.008 0.011 0.015 0.020 0.025 0.029 0.030 0.030 0.031 0.031 0.030 0.030 0.029 0.028 0.027 0.025 0.023 0.020 0.017 0.016 0.016 0.016 0.016 0.015 0.015 0.014 0.015 0.016 0.017 0.018 0.020 0.022 0.023 0.024 0.025 0.024 0.022 0.018 0.010 0.003 0.003 0.008 0.010 0.009 0.009 0.006 0.007 0.013 0.019 0.037 0.041 0.049 0.057 0.061 0.057 0.022 0.006 0.020 0.015 0.000 0.005 0.010 0.002 0.000 0.000 0.000 0.000
0.000 0.000 0.000 0.000 0.000 0.001 0.002 0.003 0.004 0.006 0.008 0.011 0.016 0.020 0.026 0.029 0.035 0.038 0.038 0.038 0.034 0.034 0.033 0.032 0.031 0.029 0.027 0.025 0.021 0.019 0.019 0.019 0.020 0.018 0.017 0.017 0.018 0.020 0.021 0.023 0.024 0.026 0.028 0.032 0.033 0.032 0.029 0.024 0.016 0.008 0.006 0.016 0.017 0.013 0.009 0.006 0.002 0.006 0.032 0.050 0.060 0.067 0.070 0.083 0.078 0.054 0.038 0.036 0.029 0.024 0.012 0.017 0.010 0.012 0.010 0.009 0.005
0.000 0.001 0.001 0.000 0.001 0.002 0.002 0.002 0.005 0.007 0.009 0.012 0.017 0.022 0.027 0.033 0.041 0.049 0.051 0.040 0.035 0.036 0.035 0.032 0.043 0.041 0.037 0.029 0.024 0.023 0.023 0.024 0.024 0.022 0.020 0.019 0.020 0.023 0.025 0.027 0.029 0.031 0.035 0.038 0.041 0.040 0.038 0.036 0.030 0.026 0.023 0.023 0.024 0.022 0.029 0.025 0.023 0.028 0.046 0.063 0.073 0.080 0.084 0.096 0.100 0.087 0.073 0.059 0.055 0.052 0.037 0.026 0.032 0.034 0.030 0.024 0.013
0.000 0.001 0.002 0.002 0.002 0.003 0.003 0.002 0.006 0.008 0.010 0.013 0.017 0.022 0.025 0.031 0.039 0.047 0.050 0.039 0.036 0.036 0.035 0.033 0.044 0.049 0.042 0.035 0.028 0.027 0.028 0.028 0.028 0.026 0.024 0.021 0.023 0.024 0.029 0.032 0.034 0.038 0.041 0.044 0.050 0.057 0.054 0.052 0.044 0.041 0.039 0.036 0.034 0.033 0.040 0.047 0.053 0.060 0.065 0.074 0.082 0.090 0.098 0.100 0.100 0.099 0.086 0.084 0.083 0.079 0.066 0.058 0.054 0.055 0.046 0.032 0.020
0.000 0.002 0.004 0.004 0.004 0.005 0.002 0.001 0.005 0.009 0.011 0.014 0.017 0.019 0.023 0.028 0.034 0.040 0.042 0.038 0.034 0.030 0.033 0.034 0.041 0.041 0.035 0.028 0.023 0.024 0.025 0.026 0.027 0.025 0.023 0.022 0.023 0.024 0.030 0.036 0.040 0.043 0.047 0.053 0.061 0.069 0.074 0.061 0.053 0.053 0.050 0.047 0.045 0.043 0.050 0.058 0.065 0.072 0.076 0.083 0.092 0.100 0.100 0.100 0.100 0.100 0.100 0.100 0.100 0.100 0.094 0.087 0.081 0.070 0.056 0.042 0.029
0.001 0.006 0.007 0.007 0.008 0.009 0.004 0.001 0.005 0.009 0.012 0.015 0.019 0.018 0.020 0.026 0.031 0.033 0.034 0.033 0.028 0.025 0.027 0.031 0.034 0.034 0.028 0.023 0.018 0.019 0.021 0.023 0.024 0.022 0.021 0.023 0.024 0.026 0.031 0.036 0.041 0.045 0.049 0.054 0.062 0.069 0.072 0.070 0.063 0.061 0.058 0.056 0.053 0.052 0.062 0.069 0.077 0.081 0.085 0.093 0.100 0.100 0.100 0.100 0.100 0.100 0.100 0.100 0.100 0.100 0.100 0.094 0.087 0.078 0.066 0.051 0.036
0.007 0.009 0.011 0.011 0.012 0.014 0.008 0.007 0.009 0.013 0.016 0.018 0.022 0.021 0.019 0.025 0.029 0.029 0.030 0.031 0.026 0.019 0.025 0.030 0.028 0.026 0.022 0.018 0.013 0.016 0.022 0.020 0.021 0.021 0.017 0.017 0.019 0.027 0.031 0.036 0.041 0.047 0.051 0.057 0.063 0.066 0.069 0.071 0.071 0.068 0.065 0.062 0.059 0.059 0.073 0.082 0.086 0.090 0.094 0.100 0.100 0.100 0.100 0.100 0.100 0.100 0.100 0.100 0.100 0.100 0.100 0.100 0.093 0.084 0.074 0.057 0.044
0.012 0.014 0.016 0.016 0.017 0.018 0.018 0.018 0.018 0.020 0.021 0.022 0.025 0.024 0.024 0.024 0.028 0.028 0.029 0.030 0.024 0.023 0.025 0.029 0.027 0.026 0.021 0.017 0.012 0.018 0.022 0.020 0.020 0.022 0.017 0.010 0.019 0.028 0.032 0.036 0.042 0.048 0.054 0.060 0.067 0.075 0.078 0.074 0.079 0.084 0.080 0.059 0.065 0.066 0.080 0.089 0.093 0.097 0.100 0.100 0.100 0.100 0.100 0.100 0.100 0.100 0.100 0.100 0.100 0.100 0.100 0.100 0.099 0.090 0.082 0.063 0.052
0.015 0.019 0.022 0.022 0.023 0.025 0.026 0.027 0.027 0.024 0.024 0.025 0.028 0.028 0.028 0.028 0.027 0.028 0.028 0.029 0.029 0.029 0.028 0.028 0.027 0.026 0.025 0.021 0.018 0.020 0.023 0.023 0.022 0.023 0.019 0.020 0.021 0.030 0.033 0.038 0.044 0.050 0.056 0.063 0.071 0.079 0.080 0.073 0.079 0.094 0.076 0.054 0.063 0.072 0.085 0.094 0.098 0.100 0.100 0.100 0.100 0.100 0.100 0.100 0.100 0.100 0.100 0.100 0.100 0.100 0.100 0.100 0.100 0.098 0.089 0.070 0.062
0.021 0.025 0.027 0.029 0.031 0.033 0.034 0.035 0.035 0.032 0.027 0.029 0.032 0.031 0.031 0.031 0.029 0.026 0.028 0.031 0.031 0.030 0.030 0.029 0.027 0.026 0.026 0.026 0.024 0.026 0.025 0.025 0.024 0.025 0.026 0.028 0.029 0.031 0.033 0.039 0.047 0.054 0.060 0.066 0.073 0.084 0.085 0.072 0.077 0.075 0.067 0.050 0.061 0.076 0.090 0.098 0.100 0.100 0.100 0.100 0.100 0.100 0.100 0.100 0.100 0.100 0.100 0.100 0.100 0.100 0.100 0.100 0.100 0.100 0.096 0.090 0.088
0.027 0.031 0.034 0.037 0.041 0.043 0.043 0.043 0.043 0.040 0.037 0.034 0.037 0.035 0.034 0.034 0.032 0.029 0.030 0.033 0.033 0.032 0.032 0.031 0.027 0.027 0.028 0.029 0.029 0.028 0.027 0.026 0.026 0.028 0.029 0.031 0.032 0.032 0.034 0.040 0.048 0.057 0.064 0.070 0.080 0.091 0.090 0.072 0.058 0.056 0.047 0.039 0.054 0.072 0.090 0.097 0.100 0.100 0.100 0.100 0.100 0.100 0.100 0.100 0.100 0.100 0.100 0.100 0.100 0.100 0.083 0.095 0.100 0.100 0.085 0.100 0.100
0.033 0.037 0.042 0.045 0.049 0.054 0.056 0.056 0.054 0.049 0.046 0.043 0.041 0.040 0.039 0.038 0.035 0.032 0.033 0.036 0.035 0.035 0.035 0.033 0.031 0.031 0.032 0.034 0.035 0.032 0.031 0.030 0.030 0.032 0.033 0.035 0.035 0.035 0.036 0.041 0.050 0.059 0.067 0.078 0.088 0.097 0.089 0.060 0.045 0.037 0.032 0.026 0.014 0.032 0.060 0.051 0.044 0.047 0.051 0.054 0.058 0.069 0.065 0.068 0.071 0.075 0.078 0.081 0.085 0.079 0.053 0.069 0.098 0.073 0.058 0.088 0.100
0.039 0.044 0.049 0.054 0.054 0.059 0.074 0.072 0.057 0.054 0.053 0.049 0.045 0.049 0.048 0.040 0.038 0.036 0.037 0.041 0.043 0.042 0.041 0.036 0.034 0.035 0.037 0.041 0.042 0.038 0.036 0.035 0.035 0.035 0.039 0.042 0.040 0.040 0.039 0.043 0.051 0.058 0.060 0.063 0.074 0.077 0.072 0.047 0.034 0.025 0.018 0.012 0.000 0.004 0.033 0.021 0.000 0.000 0.000 0.000 0.013 0.043 0.035 0.011 0.015 0.018 0.021 0.025 0.028 0.032 0.023 0.038 0.042 0.043 0.032 0.062 0.064
0.046 0.050 0.054 0.057 0.059 0.065 0.075 0.075 0.059 0.058 0.057 0.051 0.048 0.054 0.050 0.039 0.038 0.039 0.044 0.048 0.052 0.052 0.047 0.042 0.038 0.037 0.036 0.049 0.050 0.045 0.039 0.037 0.038 0.042 0.046 0.048 0.046 0.043 0.042 0.047 0.053 0.057 0.058 0.059 0.052 0.046 0.039 0.033 0.024 0.016 0.007 0.000 0.000 0.000 0.007 0.000 0.000 0.000 0.000 0.000 0.000 0.016 0.005 0.000 0.000 0.000 0.000 0.000 0.000 0.000 0.000 0.000 0.000 0.000 0.005 0.035 0.034
0.056 0.056 0.058 0.061 0.063 0.064 0.064 0.064 0.062 0.058 0.055 0.052 0.051 0.048 0.044 0.038 0.037 0.036 0.036 0.041 0.046 0.047 0.042 0.038 0.037 0.036 0.036 0.049 0.051 0.047 0.042 0.038 0.042 0.048 0.053 0.055 0.051 0.048 0.045 0.051 0.059 0.066 0.069 0.055 0.042 0.036 0.029 0.023 0.015 0.006 0.000 0.000 0.000 0.000 0.000 0.000 0.000 0.000 0.000 0.000 0.000 0.000 0.000 0.000 0.000 0.000 0.000 0.000 0.000 0.000 0.000 0.000 0.000 0.000 0.000 0.009 0.004
0.063 0.065 0.067 0.069 0.068 0.064 0.061 0.061 0.057 0.062 0.058 0.055 0.046 0.042 0.038 0.034 0.032 0.031 0.031 0.032 0.037 0.037 0.033 0.033 0.033 0.033 0.036 0.037 0.038 0.038 0.034 0.034 0.035 0.039 0.044 0.046 0.043 0.041 0.040 0.042 0.051 0.060 0.060 0.044 0.032 0.026 0.020 0.014 0.005 0.000 0.000 0.000 0.000 0.000 0.000 0.000 0.000 0.000 0.000 0.000 0.000 0.000 0.000 0.000 0.000 0.000 0.000 0.000 0.000 0.000 0.000 0.000 0.000 0.000 0.000 0.000 0.000
0.065 0.068 0.070 0.069 0.066 0.062 0.059 0.055 0.051 0.059 0.063 0.054 0.046 0.037 0.033 0.028 0.024 0.022 0.023 0.025 0.028 0.027 0.026 0.025 0.026 0.026 0.028 0.029 0.029 0.029 0.028 0.029 0.030 0.031 0.035 0.036 0.034 0.033 0.032 0.033 0.036 0.035 0.034 0.032 0.022 0.018 0.011 0.004 0.000 0.000 0.000 0.000 0.000 0.000 0.000 0.000 0.000 0.000 0.000 0.000 0.000 0.000 0.000 0.000 0.000 0.000 0.000 0.000 0.000 0.000 0.000 0.000 0.000 0.000 0.000 0.000 0.000
0.062 0.062 0.061 0.059 0.053 0.050 0.047 0.048 0.045 0.052 0.052 0.045 0.037 0.029 0.027 0.022 0.018 0.016 0.018 0.020 0.021 0.021 0.020 0.019 0.018 0.021 0.023 0.024 0.024 0.024 0.022 0.021 0.023 0.025 0.026 0.027 0.027 0.025 0.024 0.026 0.026 0.023 0.021 0.018 0.014 0.010 0.003 0.000 0.000 0.000 0.000 0.000 0.000 0.000 0.000 0.000 0.000 0.000 0.000 0.000 0.000 0.000 0.000 0.000 0.000 0.000 0.000 0.000 0.000 0.000 0.000 0.000 0.000 0.000 0.000 0.000 0.000
0.062 0.053 0.051 0.048 0.043 0.038 0.035 0.036 0.037 0.040 0.039 0.033 0.026 0.019 0.018 0.017 0.014 0.013 0.014 0.015 0.015 0.016 0.015 0.015 0.015 0.016 0.018 0.018 0.018 0.018 0.016 0.016 0.018 0.020 0.020 0.020 0.020 0.019 0.017 0.018 0.018 0.015 0.012 0.009 0.005 0.002 0.000 0.000 0.000 0.000 0.000 0.000 0.000 0.000 0.000 0.000 0.000 0.000 0.000 0.000 0.000 0.000 0.000 0.000 0.000 0.000 0.000 0.000 0.000 0.000 0.000 0.000 0.000 0.000 0.000 0.000 0.000
0.054 0.045 0.042 0.038 0.033 0.027 0.023 0.024 0.026 0.027 0.026 0.024 0.017 0.009 0.008 0.013 0.010 0.009 0.010 0.009 0.008 0.009 0.011 0.011 0.012 0.012 0.012 0.012 0.013 0.013 0.013 0.013 0.013 0.014 0.014 0.014 0.014 0.013 0.012 0.010 0.010 0.010 0.008 0.004 0.000 0.000 0.000 0.000 0.000 0.000 0.000 0.000 0.000 0.000 0.000 0.000 0.000 0.000 0.000 0.000 0.000 0.000 0.000 0.000 0.000 0.000 0.000 0.000 0.000 0.000 0.000 0.000 0.000 0.000 0.000 0.000 0.000
0.045 0.038 0.034 0.031 0.025 0.020 0.016 0.017 0.018 0.019 0.018 0.017 0.009 0.000 0.005 0.009 0.006 0.004 0.003 0.003 0.002 0.003 0.005 0.006 0.007 0.008 0.007 0.005 0.006 0.010 0.009 0.009 0.009 0.008 0.008 0.008 0.008 0.009 0.008 0.006 0.005 0.006 0.004 0.000 0.000 0.000 0.000 0.000 0.000 0.000 0.000 0.000 0.000 0.000 0.000 0.000 0.000 0.000 0.000 0.000 0.000 0.000 0.000 0.000 0.000 0.000 0.000 0.000 0.000 0.000 0.000 0.000 0.000 0.000 0.000 0.000 0.000
