in/test_suite/Manuel_C003_0001/C003_0001_C_G_corrected.asc
ncols    419
nrows    278
xllcorner    0
yllcorner    0
cellsize    10
NODATA_value    -9999
[rows 140 to 167 of 278, columns 189 to 251 of 419]
2036.757 2036.723 2036.690 2036.657 2036.624 2036.592 2036.562 2036.529 2036.492 2036.455 2036.418 2036.381 2036.344 2036.302 2036.258 2036.225 2036.192 2036.160 2036.135 2036.119 2036.104 2036.089 2036.075 2036.060 2036.032 2036.004 2035.980 2035.920 2035.860 2035.800 2035.740 2035.680 2035.616 2035.561 2035.506 2035.451 2035.400 2035.352 2035.324 2035.285 2035.289 2035.300 2035.319 2035.337 2035.351 2035.350 2035.353 2035.521 2035.619 2035.718 2035.811 2035.913 2035.995 2036.068 2036.039 2036.001 2035.933 2035.888 2035.806 2035.716 2035.640 2035.584 2035.520
2036.719 2036.686 2036.653 2036.619 2036.586 2036.554 2036.522 2036.492 2036.459 2036.422 2036.385 2036.348 2036.312 2036.275 2036.237 2036.195 2036.157 2036.126 2036.093 2036.077 2036.062 2036.048 2036.033 2036.018 2036.000 2035.969 2035.923 2035.864 2035.804 2035.744 2035.684 2035.624 2035.564 2035.498 2035.440 2035.385 2035.331 2035.283 2035.245 2035.212 2035.208 2035.222 2035.240 2035.258 2035.276 2035.274 2035.293 2035.561 2035.700 2035.791 2035.875 2035.965 2036.045 2036.003 2035.975 2035.929 2035.854 2035.778 2035.692 2035.602 2035.509 2035.422 2035.364
2036.685 2036.649 2036.615 2036.582 2036.549 2036.515 2036.484 2036.453 2036.423 2036.390 2036.353 2036.316 2036.279 2036.242 2036.205 2036.168 2036.131 2036.089 2036.060 2036.036 2036.021 2036.006 2036.000 2036.000 2035.950 2035.899 2035.852 2035.807 2035.747 2035.687 2035.628 2035.568 2035.508 2035.448 2035.387 2035.320 2035.265 2035.211 2035.165 2035.139 2035.128 2035.143 2035.161 2035.179 2035.197 2035.199 2035.233 2035.501 2035.638 2035.746 2035.848 2035.945 2035.965 2035.923 2035.894 2035.850 2035.753 2035.669 2035.580 2035.477 2035.374 2035.275 2035.201
2036.654 2036.614 2036.579 2036.545 2036.511 2036.478 2036.445 2036.414 2036.383 2036.353 2036.320 2036.283 2036.247 2036.210 2036.173 2036.136 2036.099 2036.062 2036.024 2036.000 2036.000 2036.000 2035.958 2035.925 2035.879 2035.828 2035.776 2035.750 2035.690 2035.631 2035.571 2035.511 2035.452 2035.392 2035.332 2035.272 2035.201 2035.144 2035.091 2035.060 2035.045 2035.064 2035.082 2035.100 2035.118 2035.123 2035.170 2035.302 2035.427 2035.549 2035.654 2035.760 2035.841 2035.843 2035.799 2035.734 2035.652 2035.560 2035.452 2035.336 2035.233 2035.139 2035.066
2036.627 2036.585 2036.544 2036.509 2036.474 2036.441 2036.407 2036.375 2036.343 2036.313 2036.283 2036.251 2036.214 2036.177 2036.140 2036.103 2036.066 2036.030 2036.000 2036.000 2035.988 2035.937 2035.887 2035.843 2035.808 2035.757 2035.705 2035.672 2035.634 2035.574 2035.514 2035.455 2035.395 2035.335 2035.275 2035.216 2035.156 2035.091 2035.024 2035.000 2035.000 2035.000 2035.003 2035.021 2035.039 2035.048 2035.050 2035.110 2035.236 2035.356 2035.467 2035.574 2035.654 2035.716 2035.681 2035.606 2035.523 2035.411 2035.296 2035.181 2035.087 2034.991 2034.920
2036.599 2036.558 2036.517 2036.476 2036.439 2036.403 2036.370 2036.337 2036.305 2036.274 2036.244 2036.214 2036.181 2036.145 2036.108 2036.071 2036.034 2036.000 2036.000 2035.968 2035.917 2035.867 2035.816 2035.766 2035.730 2035.686 2035.634 2035.593 2035.572 2035.517 2035.457 2035.398 2035.338 2035.278 2035.219 2035.159 2035.099 2035.039 2035.000 2035.000 2035.000 2035.000 2035.000 2034.992 2034.970 2034.961 2034.961 2034.970 2035.044 2035.159 2035.266 2035.371 2035.422 2035.466 2035.511 2035.454 2035.339 2035.226 2035.115 2035.008 2034.929 2034.843 2034.774
2036.572 2036.531 2036.490 2036.449 2036.407 2036.370 2036.333 2036.300 2036.266 2036.235 2036.204 2036.174 2036.144 2036.112 2036.075 2036.038 2036.001 2035.998 2035.948 2035.897 2035.846 2035.796 2035.745 2035.695 2035.648 2035.615 2035.563 2035.515 2035.493 2035.460 2035.401 2035.341 2035.281 2035.222 2035.162 2035.102 2035.042 2035.000 2035.000 2035.000 2035.000 2034.978 2034.923 2034.891 2034.866 2034.857 2034.848 2034.854 2034.863 2034.939 2035.045 2035.238 2035.172 2035.215 2035.271 2035.262 2035.147 2035.036 2034.932 2034.848 2034.770 2034.686 2034.632
2036.545 2036.504 2036.463 2036.421 2036.380 2036.339 2036.301 2036.263 2036.229 2036.196 2036.165 2036.134 2036.104 2036.074 2036.043 2036.006 2035.991 2035.933 2035.877 2035.826 2035.776 2035.725 2035.674 2035.624 2035.574 2035.535 2035.493 2035.441 2035.414 2035.393 2035.344 2035.284 2035.224 2035.165 2035.105 2035.045 2035.000 2035.000 2035.000 2034.991 2034.936 2034.880 2034.825 2034.790 2034.763 2034.753 2034.743 2034.738 2034.747 2034.746 2034.939 2035.130 2035.016 2034.993 2035.150 2035.124 2034.954 2034.850 2034.753 2034.684 2034.611 2034.541 2034.496
2036.518 2036.477 2036.436 2036.394 2036.353 2036.312 2036.271 2036.232 2036.193 2036.158 2036.126 2036.095 2036.065 2036.035 2036.005 2035.977 2035.924 2035.869 2035.810 2035.755 2035.705 2035.654 2035.604 2035.553 2035.502 2035.454 2035.419 2035.370 2035.335 2035.314 2035.287 2035.227 2035.168 2035.108 2035.048 2035.000 2035.000 2035.000 2034.957 2034.893 2034.838 2034.782 2034.727 2034.688 2034.661 2034.648 2034.637 2034.621 2034.644 2034.753 2034.861 2035.020 2034.948 2034.941 2035.029 2034.985 2034.819 2034.670 2034.574 2034.514 2034.468 2034.405 2034.361
2036.493 2036.451 2036.409 2036.367 2036.326 2036.285 2036.244 2036.202 2036.163 2036.123 2036.088 2036.056 2036.025 2036.000 2035.962 2035.908 2035.855 2035.802 2035.747 2035.689 2035.634 2035.583 2035.533 2035.482 2035.432 2035.382 2035.340 2035.299 2035.257 2035.235 2035.214 2035.171 2035.111 2035.051 2035.000 2035.000 2035.000 2034.980 2034.900 2034.795 2034.740 2034.684 2034.629 2034.587 2034.560 2034.544 2034.532 2034.538 2034.651 2034.761 2034.870 2034.960 2034.962 2034.956 2034.960 2034.852 2034.692 2034.535 2034.395 2034.363 2034.322 2034.269 2034.228
2036.469 2036.427 2036.385 2036.343 2036.301 2036.259 2036.217 2036.175 2036.134 2036.094 2036.052 2036.017 2036.000 2035.985 2035.906 2035.843 2035.787 2035.734 2035.681 2035.625 2035.568 2035.513 2035.462 2035.411 2035.361 2035.310 2035.262 2035.224 2035.178 2035.156 2035.135 2035.114 2035.054 2035.000 2035.000 2035.000 2034.948 2034.879 2034.804 2034.733 2034.642 2034.586 2034.531 2034.486 2034.459 2034.440 2034.468 2034.556 2034.657 2034.769 2034.848 2034.914 2034.976 2034.970 2034.853 2034.715 2034.561 2034.407 2034.275 2034.211 2034.171 2034.121 2034.109
2036.444 2036.402 2036.360 2036.318 2036.276 2036.234 2036.192 2036.150 2036.108 2036.066 2036.025 2036.000 2036.000 2035.932 2035.853 2035.781 2035.723 2035.665 2035.612 2035.559 2035.503 2035.446 2035.391 2035.341 2035.290 2035.239 2035.190 2035.145 2035.106 2035.077 2035.056 2035.035 2035.000 2034.975 2034.932 2034.889 2034.828 2034.775 2034.706 2034.629 2034.566 2034.489 2034.433 2034.384 2034.358 2034.336 2034.321 2034.412 2034.517 2034.683 2034.683 2034.763 2034.850 2034.845 2034.705 2034.567 2034.431 2034.297 2034.176 2034.085 2034.022 2033.978 2033.968
2036.428 2036.377 2036.335 2036.293 2036.251 2036.209 2036.167 2036.125 2036.083 2036.041 2036.000 2036.000 2035.959 2035.879 2035.800 2035.721 2035.662 2035.604 2035.545 2035.491 2035.438 2035.381 2035.325 2035.270 2035.219 2035.168 2035.118 2035.071 2035.029 2034.998 2034.966 2034.934 2034.899 2034.850 2034.806 2034.763 2034.706 2034.653 2034.599 2034.534 2034.459 2034.399 2034.335 2034.283 2034.256 2034.232 2034.216 2034.197 2034.389 2034.556 2034.461 2034.484 2034.538 2034.579 2034.557 2034.424 2034.304 2034.186 2034.078 2033.992 2033.901 2033.835 2033.820
2036.420 2036.367 2036.314 2036.269 2036.227 2036.185 2036.143 2036.101 2036.059 2036.017 2036.000 2035.985 2035.906 2035.827 2035.748 2035.669 2035.601 2035.542 2035.484 2035.426 2035.369 2035.316 2035.259 2035.204 2035.149 2035.098 2035.047 2034.998 2034.937 2034.883 2034.847 2034.815 2034.783 2034.725 2034.680 2034.637 2034.583 2034.530 2034.477 2034.424 2034.361 2034.299 2034.237 2034.182 2034.155 2034.128 2034.111 2034.197 2034.291 2034.430 2034.359 2034.381 2034.415 2034.444 2034.404 2034.298 2034.194 2034.091 2033.997 2033.904 2033.815 2033.706 2033.674
2036.416 2036.359 2036.306 2036.253 2036.202 2036.160 2036.118 2036.076 2036.034 2036.000 2036.000 2035.946 2035.853 2035.774 2035.695 2035.616 2035.539 2035.481 2035.423 2035.365 2035.306 2035.248 2035.194 2035.138 2035.083 2035.028 2034.969 2034.904 2034.844 2034.780 2034.728 2034.696 2034.664 2034.615 2034.554 2034.511 2034.462 2034.408 2034.355 2034.301 2034.248 2034.189 2034.138 2034.084 2034.054 2034.039 2034.128 2034.215 2034.291 2034.351 2034.369 2034.392 2034.419 2034.385 2034.299 2034.204 2034.103 2034.015 2033.925 2033.827 2033.725 2033.624 2033.537
2036.389 2036.342 2036.296 2036.248 2036.192 2036.140 2036.094 2036.052 2036.010 2036.000 2035.965 2035.886 2035.811 2035.721 2035.642 2035.563 2035.484 2035.420 2035.362 2035.303 2035.245 2035.187 2035.129 2035.072 2035.017 2034.949 2034.876 2034.809 2034.751 2034.689 2034.623 2034.577 2034.545 2034.504 2034.441 2034.385 2034.341 2034.285 2034.232 2034.179 2034.126 2034.072 2034.019 2033.981 2033.976 2034.053 2034.145 2034.234 2034.294 2034.346 2034.385 2034.407 2034.340 2034.245 2034.160 2034.068 2033.999 2033.921 2033.830 2033.736 2033.650 2033.548 2033.456
2036.361 2036.311 2036.265 2036.218 2036.171 2036.125 2036.078 2036.027 2035.995 2035.941 2035.890 2035.828 2035.753 2035.675 2035.590 2035.511 2035.432 2035.358 2035.300 2035.242 2035.184 2035.126 2035.067 2035.009 2034.935 2034.861 2034.787 2034.716 2034.655 2034.597 2034.532 2034.467 2034.426 2034.393 2034.330 2034.267 2034.216 2034.163 2034.110 2034.057 2034.003 2033.958 2033.913 2033.917 2033.989 2034.066 2034.160 2034.226 2034.271 2034.329 2034.380 2034.315 2034.208 2034.113 2034.022 2033.959 2033.889 2033.823 2033.739 2033.656 2033.577 2033.484 2033.404
2036.325 2036.280 2036.235 2036.187 2036.140 2036.094 2036.047 2036.000 2035.916 2035.857 2035.805 2035.750 2035.685 2035.620 2035.541 2035.458 2035.379 2035.300 2035.239 2035.181 2035.123 2035.064 2035.006 2034.919 2034.832 2034.772 2034.698 2034.624 2034.557 2034.504 2034.442 2034.375 2034.311 2034.275 2034.219 2034.157 2034.094 2034.041 2033.989 2033.944 2033.899 2033.854 2033.863 2033.933 2034.002 2034.079 2034.141 2034.190 2034.241 2034.303 2034.242 2034.184 2034.101 2034.015 2033.952 2033.875 2033.802 2033.731 2033.659 2033.577 2033.498 2033.425 2033.365
2036.282 2036.241 2036.199 2036.154 2036.109 2036.063 2036.016 2035.945 2035.860 2035.778 2035.720 2035.669 2035.607 2035.543 2035.479 2035.408 2035.326 2035.247 2035.178 2035.119 2035.061 2035.003 2034.914 2034.823 2034.732 2034.668 2034.609 2034.536 2034.464 2034.406 2034.351 2034.285 2034.218 2034.156 2034.109 2034.046 2033.984 2033.931 2033.886 2033.841 2033.796 2033.821 2033.897 2033.973 2034.039 2034.073 2034.122 2034.169 2034.217 2034.154 2034.087 2034.028 2033.992 2033.951 2033.887 2033.805 2033.715 2033.640 2033.569 2033.498 2033.433 2033.366 2033.317
2036.235 2036.197 2036.156 2036.116 2036.073 2036.028 2035.967 2035.889 2035.804 2035.720 2035.640 2035.584 2035.529 2035.465 2035.400 2035.336 2035.272 2035.195 2035.116 2035.058 2035.000 2034.909 2034.818 2034.727 2034.637 2034.562 2034.504 2034.445 2034.373 2034.306 2034.257 2034.194 2034.128 2034.062 2033.998 2033.939 2033.881 2033.826 2033.782 2033.737 2033.776 2033.843 2033.921 2034.012 2034.036 2034.062 2034.111 2034.131 2034.075 2034.007 2033.934 2033.890 2033.880 2033.878 2033.822 2033.740 2033.646 2033.562 2033.492 2033.445 2033.373 2033.308 2033.263
2036.188 2036.150 2036.111 2036.072 2036.031 2035.982 2035.899 2035.815 2035.744 2035.664 2035.580 2035.502 2035.448 2035.387 2035.322 2035.258 2035.194 2035.129 2035.063 2034.995 2034.904 2034.813 2034.723 2034.632 2034.541 2034.457 2034.399 2034.340 2034.282 2034.211 2034.157 2034.103 2034.037 2033.968 2033.895 2033.836 2033.778 2033.721 2033.676 2033.732 2033.799 2033.865 2033.939 2033.983 2034.026 2034.051 2034.059 2033.980 2033.930 2033.859 2033.812 2033.786 2033.777 2033.774 2033.771 2033.691 2033.597 2033.502 2033.444 2033.398 2033.324 2033.264 2033.265
2036.141 2036.103 2036.064 2036.025 2035.974 2035.895 2035.831 2035.744 2035.667 2035.596 2035.524 2035.440 2035.364 2035.309 2035.244 2035.180 2035.116 2035.051 2034.982 2034.886 2034.809 2034.718 2034.627 2034.536 2034.445 2034.354 2034.293 2034.235 2034.176 2034.118 2034.057 2034.008 2033.941 2033.868 2033.795 2033.733 2033.674 2033.616 2033.571 2033.624 2033.705 2033.776 2033.824 2033.882 2033.940 2033.984 2033.914 2033.835 2033.787 2033.744 2033.719 2033.689 2033.681 2033.689 2033.686 2033.669 2033.580 2033.492 2033.411 2033.351 2033.305 2033.287 2033.266
2036.095 2036.056 2036.017 2035.958 2035.882 2035.809 2035.730 2035.676 2035.590 2035.519 2035.449 2035.378 2035.299 2035.226 2035.166 2035.102 2035.038 2034.964 2034.876 2034.789 2034.671 2034.603 2034.531 2034.440 2034.350 2034.259 2034.188 2034.129 2034.071 2034.012 2033.960 2033.902 2033.842 2033.768 2033.695 2033.622 2033.571 2033.512 2033.466 2033.421 2033.475 2033.517 2033.563 2033.620 2033.758 2033.854 2033.766 2033.699 2033.689 2033.653 2033.625 2033.594 2033.599 2033.607 2033.602 2033.595 2033.589 2033.501 2033.417 2033.350 2033.337 2033.319 2033.286
2036.036 2036.009 2035.942 2035.866 2035.791 2035.715 2035.644 2035.583 2035.522 2035.441 2035.371 2035.301 2035.230 2035.159 2035.088 2035.024 2034.945 2034.858 2034.771 2034.683 2034.577 2034.461 2034.392 2034.323 2034.253 2034.163 2034.083 2034.024 2034.000 2033.958 2033.872 2033.795 2033.743 2033.670 2033.595 2033.522 2033.468 2033.409 2033.361 2033.373 2033.429 2033.454 2033.484 2033.511 2033.647 2033.727 2033.631 2033.614 2033.609 2033.572 2033.536 2033.513 2033.518 2033.525 2033.528 2033.539 2033.549 2033.530 2033.472 2033.423 2033.373 2033.350 2033.328
2035.992 2035.918 2035.848 2035.775 2035.700 2035.624 2035.553 2035.479 2035.437 2035.367 2035.294 2035.223 2035.153 2035.082 2035.012 2034.927 2034.839 2034.752 2034.665 2034.577 2034.486 2034.361 2034.251 2034.182 2034.113 2034.043 2034.000 2033.965 2033.913 2033.862 2033.784 2033.699 2033.636 2033.574 2033.497 2033.422 2033.357 2033.306 2033.329 2033.399 2033.447 2033.495 2033.512 2033.536 2033.574 2033.602 2033.554 2033.543 2033.542 2033.537 2033.508 2033.484 2033.464 2033.450 2033.457 2033.468 2033.481 2033.513 2033.528 2033.477 2033.425 2033.361 2033.334
2035.891 2035.816 2035.742 2035.677 2035.608 2035.533 2035.457 2035.392 2035.332 2035.289 2035.216 2035.146 2035.075 2035.005 2034.919 2034.828 2034.734 2034.646 2034.559 2034.471 2034.384 2034.269 2034.144 2034.041 2034.000 2033.969 2033.910 2033.858 2033.805 2033.749 2033.692 2033.611 2033.530 2033.478 2033.401 2033.324 2033.249 2033.285 2033.352 2033.424 2033.471 2033.501 2033.549 2033.604 2033.597 2033.493 2033.417 2033.409 2033.422 2033.433 2033.406 2033.382 2033.365 2033.359 2033.368 2033.372 2033.414 2033.437 2033.486 2033.482 2033.408 2033.335 2033.297
2035.786 2035.715 2035.641 2035.567 2035.505 2035.441 2035.366 2035.292 2035.227 2035.187 2035.140 2035.068 2034.997 2034.910 2034.822 2034.735 2034.634 2034.543 2034.453 2034.366 2034.278 2034.177 2034.052 2034.000 2033.928 2033.862 2033.804 2033.750 2033.697 2033.642 2033.588 2033.519 2033.438 2033.371 2033.305 2033.229 2033.248 2033.299 2033.372 2033.431 2033.517 2033.589 2033.591 2033.558 2033.485 2033.384 2033.280 2033.282 2033.301 2033.321 2033.303 2033.288 2033.273 2033.267 2033.280 2033.317 2033.353 2033.369 2033.371 2033.377 2033.390 2033.309 2033.232
2035.673 2035.620 2035.540 2035.465 2035.396 2035.334 2035.271 2035.199 2035.132 2035.081 2035.043 2034.988 2034.901 2034.813 2034.726 2034.638 2034.548 2034.442 2034.353 2034.263 2034.173 2034.085 2033.996 2033.913 2033.829 2033.752 2033.703 2033.643 2033.590 2033.537 2033.473 2033.424 2033.347 2033.265 2033.210 2033.244 2033.278 2033.331 2033.414 2033.389 2033.525 2033.557 2033.509 2033.408 2033.339 2033.260 2033.173 2033.153 2033.172 2033.188 2033.199 2033.198 2033.183 2033.159 2033.230 2033.266 2033.299 2033.248 2033.132 2033.156 2033.307 2033.236 2033.123
