in/test_suite/Manuel_C003_0001/C003_0001_U_S.asc
ncols    419
nrows    278
xllcorner    0
yllcorner    0
cellsize    10
NODATA_value    -9999
[rows 0 to 33 of 278, columns 231 to 307 of 419]
0.000 0.000 0.000 0.000 0.000 0.000 0.000 0.000 0.000 0.000 0.000 0.000 0.000 0.000 0.000 0.000 0.000 0.000 0.000 0.000 0.000 0.000 0.000 0.000 0.000 0.000 0.000 0.000 0.000 0.000 0.000 0.000 0.000 0.000 0.000 0.000 0.000 0.000 0.000 0.000 0.000 0.000 0.000 0.000 0.000 0.000 0.000 0.000 0.000 0.000 0.000 0.000 0.000 0.000 0.000 0.000 0.000 0.000 0.000 0.000 0.000 0.000 0.000 0.000 0.000 0.000 0.000 0.000 0.000 0.000 0.000 0.000 0.000 0.000 0.000 0.000 0.000
0.000 0.000 0.000 0.000 0.000 0.000 0.000 0.000 0.000 0.000 0.000 0.000 0.000 0.000 0.000 0.000 0.000 0.000 0.000 0.000 0.000 0.000 0.000 0.000 0.000 0.000 0.000 0.000 0.000 0.000 0.000 0.000 0.000 0.000 0.000 0.000 0.000 0.000 0.000 0.000 0.000 0.000 0.000 0.000 0.000 0.000 0.000 0.000 0.000 0.000 0.000 0.000 0.000 0.000 0.000 0.000 0.000 0.000 0.000 0.000 0.000 0.000 0.000 0.000 0.000 0.000 0.000 0.000 0.000 0.000 0.000 0.000 0.000 0.000 0.000 0.000 0.000
0.000 0.000 0.000 0.000 0.000 0.000 0.000 0.000 0.000 0.000 0.000 0.000 0.000 0.000 0.000 0.000 0.000 0.000 0.000 0.000 0.000 0.000 0.000 0.000 0.000 0.000 0.000 0.000 0.000 0.000 0.000 0.000 0.000 0.000 0.000 0.000 0.000 0.000 0.000 0.000 0.000 0.000 0.000 0.000 0.000 0.000 0.000 0.000 0.000 0.000 0.000 0.000 0.000 0.000 0.000 0.000 0.000 0.000 0.000 0.000 0.000 0.000 0.000 0.000 0.000 0.000 0.000 0.000 0.000 0.000 0.000 0.000 0.000 0.000 0.000 0.000 0.000
0.000 0.000 0.000 0.000 0.000 0.000 0.000 0.000 0.000 0.000 0.000 0.000 0.000 0.000 0.000 0.000 0.000 0.000 0.000 0.000 0.000 0.000 0.000 0.000 0.000 0.000 0.000 0.000 0.000 0.000 0.000 0.000 0.000 0.000 0.000 0.000 0.000 0.000 0.000 0.000 0.000 0.000 0.000 0.000 0.000 0.000 0.000 0.000 0.000 0.000 0.000 0.000 0.000 0.000 0.000 0.000 0.000 0.000 0.000 0.000 0.000 0.000 0.000 0.000 0.000 0.000 0.000 0.000 0.000 0.000 0.000 0.000 0.000 0.000 0.000 0.000 0.000
0.000 0.000 0.000 0.000 0.000 0.000 0.000 0.000 0.000 0.000 0.000 0.000 0.000 0.000 0.000 0.000 0.000 0.000 0.000 0.000 0.000 0.000 0.000 0.000 0.000 0.000 0.000 0.000 0.000 0.000 0.000 0.000 0.000 0.000 0.000 0.000 0.000 0.000 0.000 0.000 0.000 0.000 0.000 0.000 0.000 0.000 0.000 0.000 0.000 0.000 0.000 0.000 0.000 0.000 0.000 0.000 0.000 0.000 0.000 0.000 0.000 0.000 0.000 0.000 0.000 0.000 0.000 0.000 0.000 0.000 0.000 0.000 0.000 0.000 0.000 0.000 0.000
0.000 0.000 0.000 0.000 0.000 0.000 0.000 0.000 0.000 0.000 0.000 0.000 0.000 0.000 0.000 0.000 0.000 0.000 0.000 0.000 0.000 0.000 0.000 0.000 0.000 0.000 0.000 0.000 0.000 0.000 0.000 0.000 0.000 0.000 0.000 0.000 0.000 0.000 0.000 0.000 0.000 0.000 0.000 0.000 0.000 0.000 0.000 0.000 0.000 0.000 0.000 0.000 0.000 0.000 0.000 0.000 0.000 0.000 0.000 0.000 0.000 0.000 0.000 0.000 0.000 0.000 0.000 0.000 0.000 0.000 0.000 0.000 0.000 0.000 0.000 0.000 0.000
0.000 0.000 0.000 0.000 0.000 0.000 0.000 0.000 0.000 0.000 0.000 0.000 0.000 0.000 0.000 0.000 0.000 0.000 0.000 0.000 0.000 0.000 0.000 0.000 0.000 0.000 0.000 0.000 0.000 0.000 0.000 0.000 0.000 0.000 0.000 0.000 0.000 0.000 0.000 0.000 0.000 0.000 0.000 0.000 0.000 0.000 0.000 0.000 0.000 0.000 0.000 0.000 0.000 0.000 0.000 0.000 0.000 0.000 0.000 0.000 0.000 0.000 0.000 0.000 0.000 0.000 0.000 0.000 0.000 0.000 0.000 0.000 0.000 0.000 0.000 0.000 0.000
0.000 0.000 0.000 0.000 0.000 0.000 0.000 0.000 0.000 0.000 0.000 0.000 0.000 0.000 0.000 0.000 0.000 0.000 0.000 0.000 0.000 0.000 0.000 0.000 0.000 0.000 0.000 0.000 0.000 0.000 0.000 0.000 0.000 0.000 0.000 0.000 0.000 0.000 0.000 0.000 0.000 0.000 0.000 0.000 0.000 0.000 0.000 0.000 0.000 0.000 0.000 0.000 0.000 0.000 0.000 0.000 0.000 0.000 0.000 0.000 0.000 0.000 0.000 0.000 0.000 0.000 0.000 0.000 0.000 0.000 0.000 0.000 0.000 0.000 0.000 0.000 0.000
0.000 0.000 0.000 0.000 0.000 0.000 0.000 0.000 0.000 0.000 0.000 0.000 0.000 0.000 0.000 0.000 0.000 0.000 0.000 0.000 0.000 0.000 0.000 0.000 0.000 0.000 0.000 0.000 0.000 0.000 0.000 0.000 0.000 0.000 0.000 0.000 0.000 0.000 0.000 0.000 0.000 0.000 0.000 0.000 0.000 0.000 0.000 0.000 0.000 0.000 0.000 0.000 0.000 0.000 0.000 0.000 0.000 0.000 0.000 0.000 0.000 0.000 0.000 0.000 0.000 0.000 0.000 0.000 0.000 0.000 0.000 0.000 0.000 0.000 0.000 0.000 0.000
0.000 0.000 0.000 0.000 0.000 0.000 0.000 0.000 0.000 0.000 0.000 0.000 0.000 0.000 0.000 0.000 0.000 0.000 0.000 0.000 0.000 0.000 0.000 0.000 0.000 0.000 0.000 0.000 0.000 0.000 0.000 0.000 0.000 0.000 0.000 0.000 0.000 0.000 0.000 0.000 0.000 0.000 0.000 0.000 0.000 0.000 0.000 0.000 0.000 0.000 0.000 0.000 0.000 0.000 0.000 0.000 0.000 0.000 0.000 0.000 0.000 0.000 0.000 0.000 0.000 0.000 0.000 0.000 0.000 0.000 0.000 0.000 0.000 0.000 0.000 0.000 0.000
0.000 0.000 0.000 0.000 0.000 0.000 0.000 0.000 0.225 0.092 0.000 0.000 0.000 0.000 0.000 0.104 0.011 0.000 0.000 0.000 0.000 0.000 0.000 0.000 0.000 0.000 0.000 0.000 0.000 0.000 0.000 0.000 0.000 0.000 0.000 0.000 0.000 0.000 0.000 0.000 0.000 0.000 0.000 0.000 0.000 0.000 0.000 0.000 0.000 0.000 0.000 0.000 0.000 0.000 0.000 0.000 0.000 0.000 0.000 0.000 0.000 0.000 0.000 0.000 0.000 0.000 0.000 0.000 0.000 0.000 0.000 0.000 0.000 0.000 0.000 0.000 0.000
0.000 0.000 0.000 0.000 0.000 0.000 0.028 0.254 0.479 0.318 0.143 0.115 0.086 0.057 0.133 0.358 0.237 0.000 0.000 0.000 0.000 0.000 0.000 0.000 0.000 0.000 0.000 0.000 0.000 0.000 0.000 0.000 0.000 0.000 0.000 0.000 0.000 0.000 0.000 0.000 0.000 0.000 0.000 0.000 0.000 0.000 0.000 0.000 0.000 0.000 0.000 0.000 0.000 0.000 0.000 0.000 0.000 0.000 0.000 0.000 0.000 0.000 0.000 0.000 0.000 0.000 0.000 0.000 0.000 0.000 0.000 0.000 0.000 0.000 0.000 0.000 0.000
0.000 0.004 0.004 0.000 0.000 0.057 0.282 0.508 0.733 0.652 0.623 0.595 0.566 0.537 0.508 0.613 0.463 0.208 0.000 0.000 0.000 0.000 0.000 0.000 0.000 0.000 0.000 0.000 0.000 0.000 0.000 0.000 0.000 0.000 0.000 0.000 0.000 0.000 0.000 0.000 0.000 0.000 0.000 0.000 0.000 0.000 0.000 0.000 0.000 0.000 0.000 0.000 0.000 0.000 0.000 0.000 0.000 0.000 0.000 0.000 0.000 0.000 0.000 0.000 0.000 0.000 0.000 0.000 0.000 0.000 0.000 0.000 0.000 0.000 0.000 0.000 0.000
0.033 0.259 0.484 0.455 0.341 0.311 0.537 0.762 0.850 0.850 0.850 0.850 0.850 0.850 0.850 0.850 0.688 0.434 0.179 0.000 0.000 0.000 0.000 0.000 0.000 0.000 0.000 0.000 0.000 0.000 0.000 0.000 0.000 0.000 0.000 0.000 0.000 0.000 0.000 0.000 0.000 0.000 0.000 0.000 0.000 0.000 0.000 0.000 0.000 0.000 0.000 0.000 0.000 0.000 0.000 0.000 0.000 0.000 0.000 0.000 0.000 0.000 0.000 0.000 0.000 0.000 0.000 0.000 0.000 0.000 0.000 0.000 0.000 0.000 0.000 0.000 0.000
0.220 0.457 0.694 0.821 0.566 0.565 0.791 0.850 0.850 0.850 0.850 0.850 0.850 0.850 0.850 0.850 0.850 0.659 0.503 0.474 0.446 0.417 0.237 0.359 0.331 0.302 0.070 0.000 0.000 0.030 0.000 0.000 0.000 0.000 0.000 0.000 0.000 0.000 0.000 0.000 0.000 0.000 0.000 0.000 0.000 0.000 0.000 0.000 0.000 0.000 0.000 0.000 0.000 0.000 0.000 0.000 0.000 0.000 0.000 0.000 0.000 0.000 0.000 0.000 0.000 0.000 0.000 0.000 0.000 0.000 0.000 0.000 0.000 0.000 0.000 0.000 0.000
0.294 0.523 0.660 0.755 0.792 0.820 0.850 0.850 0.850 0.850 0.850 0.850 0.850 0.850 0.850 0.850 0.850 0.850 0.850 0.850 0.850 0.717 0.463 0.631 0.804 0.550 0.296 0.041 0.059 0.284 0.128 0.000 0.111 0.215 0.000 0.000 0.163 0.047 0.000 0.000 0.134 0.000 0.000 0.000 0.000 0.000 0.000 0.054 0.000 0.000 0.000 0.000 0.000 0.000 0.000 0.000 0.000 0.000 0.000 0.000 0.000 0.000 0.000 0.000 0.000 0.000 0.000 0.000 0.000 0.000 0.000 0.000 0.000 0.000 0.000 0.000 0.000
0.376 0.475 0.549 0.647 0.769 0.850 0.850 0.850 0.850 0.850 0.850 0.850 0.850 0.850 0.850 0.850 0.850 0.850 0.850 0.850 0.850 0.850 0.689 0.850 0.850 0.776 0.521 0.267 0.313 0.539 0.354 0.239 0.365 0.441 0.186 0.192 0.418 0.273 0.038 0.245 0.360 0.106 0.000 0.000 0.000 0.000 0.124 0.279 0.025 0.000 0.176 0.112 0.000 0.000 0.000 0.000 0.000 0.000 0.000 0.000 0.000 0.000 0.000 0.000 0.000 0.000 0.000 0.000 0.000 0.000 0.000 0.000 0.000 0.000 0.000 0.000 0.000
0.319 0.380 0.441 0.538 0.660 0.783 0.850 0.850 0.850 0.850 0.850 0.850 0.850 0.850 0.850 0.850 0.850 0.850 0.850 0.850 0.850 0.850 0.850 0.850 0.850 0.850 0.747 0.492 0.567 0.793 0.748 0.719 0.690 0.666 0.633 0.604 0.672 0.546 0.518 0.499 0.586 0.331 0.326 0.374 0.345 0.316 0.378 0.505 0.251 0.205 0.430 0.337 0.083 0.000 0.000 0.000 0.000 0.000 0.000 0.000 0.000 0.000 0.000 0.000 0.000 0.000 0.000 0.000 0.000 0.000 0.000 0.000 0.000 0.000 0.000 0.000 0.000
0.426 0.473 0.485 0.565 0.685 0.794 0.850 0.850 0.850 0.850 0.850 0.850 0.850 0.850 0.850 0.850 0.850 0.850 0.850 0.850 0.850 0.850 0.850 0.850 0.850 0.850 0.850 0.718 0.822 0.850 0.850 0.850 0.850 0.850 0.850 0.850 0.850 0.850 0.850 0.850 0.811 0.557 0.580 0.806 0.825 0.796 0.767 0.739 0.710 0.681 0.685 0.563 0.309 0.054 0.000 0.000 0.000 0.000 0.000 0.165 0.000 0.000 0.000 0.000 0.000 0.000 0.000 0.000 0.000 0.000 0.000 0.000 0.000 0.000 0.000 0.000 0.000
0.518 0.574 0.483 0.583 0.807 0.850 0.850 0.850 0.850 0.850 0.850 0.850 0.850 0.850 0.850 0.850 0.850 0.850 0.850 0.850 0.850 0.850 0.850 0.850 0.850 0.850 0.850 0.850 0.850 0.850 0.850 0.850 0.850 0.850 0.850 0.850 0.850 0.850 0.850 0.850 0.850 0.782 0.834 0.850 0.850 0.850 0.850 0.850 0.850 0.850 0.850 0.789 0.534 0.280 0.142 0.138 0.110 0.081 0.194 0.420 0.199 0.000 0.000 0.000 0.000 0.000 0.000 0.000 0.000 0.126 0.206 0.000 0.000 0.000 0.000 0.000 0.000
0.517 0.522 0.482 0.600 0.825 0.850 0.850 0.850 0.850 0.850 0.850 0.850 0.850 0.850 0.850 0.850 0.850 0.850 0.850 0.850 0.850 0.850 0.850 0.850 0.850 0.850 0.850 0.850 0.850 0.850 0.850 0.850 0.850 0.850 0.850 0.850 0.850 0.850 0.850 0.850 0.850 0.850 0.850 0.850 0.850 0.850 0.850 0.850 0.850 0.850 0.850 0.850 0.760 0.505 0.396 0.618 0.590 0.561 0.532 0.674 0.474 0.446 0.417 0.388 0.257 0.328 0.302 0.273 0.244 0.380 0.431 0.177 0.129 0.100 0.072 0.009 0.000
0.515 0.502 0.488 0.615 0.838 0.850 0.850 0.850 0.850 0.850 0.850 0.850 0.850 0.850 0.850 0.850 0.850 0.850 0.850 0.850 0.850 0.850 0.850 0.850 0.850 0.850 0.850 0.850 0.850 0.850 0.850 0.850 0.850 0.850 0.850 0.850 0.850 0.850 0.850 0.850 0.850 0.850 0.850 0.850 0.850 0.850 0.850 0.850 0.850 0.850 0.850 0.850 0.850 0.731 0.650 0.850 0.850 0.850 0.850 0.850 0.850 0.850 0.850 0.737 0.483 0.582 0.782 0.753 0.724 0.695 0.657 0.402 0.461 0.580 0.489 0.235 0.000
0.739 0.725 0.608 0.663 0.850 0.850 0.850 0.850 0.850 0.850 0.850 0.850 0.850 0.850 0.850 0.850 0.850 0.850 0.850 0.850 0.850 0.850 0.850 0.850 0.850 0.850 0.850 0.850 0.850 0.850 0.850 0.850 0.850 0.850 0.850 0.850 0.850 0.850 0.850 0.850 0.850 0.850 0.850 0.850 0.850 0.850 0.850 0.850 0.850 0.850 0.850 0.850 0.850 0.850 0.850 0.850 0.850 0.850 0.850 0.850 0.850 0.850 0.850 0.850 0.709 0.836 0.850 0.850 0.850 0.850 0.850 0.628 0.715 0.850 0.715 0.460 0.206
0.850 0.831 0.713 0.782 0.850 0.850 0.850 0.850 0.850 0.850 0.850 0.850 0.850 0.850 0.850 0.850 0.850 0.850 0.850 0.850 0.850 0.850 0.850 0.850 0.850 0.850 0.850 0.778 0.850 0.850 0.850 0.850 0.850 0.850 0.878 0.850 0.850 0.850 0.850 0.850 0.850 0.850 0.850 0.850 0.850 0.850 0.850 0.850 0.850 0.850 0.850 0.850 0.850 0.850 0.850 0.850 0.850 0.850 0.850 0.850 0.850 0.850 0.850 0.850 0.850 0.850 0.850 0.850 0.850 0.850 0.850 0.850 0.850 0.850 0.850 0.686 0.604
0.850 0.850 0.818 0.850 0.850 0.850 0.850 0.850 0.850 0.850 0.850 0.850 0.850 0.850 0.839 0.843 0.850 0.850 0.850 0.850 0.850 0.850 0.807 0.821 0.835 0.849 0.753 0.667 0.792 0.864 0.997 0.971 0.850 0.895 1.022 0.872 0.850 1.001 0.995 0.850 0.850 0.850 0.850 0.850 0.850 0.850 0.850 0.850 0.920 0.850 0.850 0.850 0.850 0.850 0.850 0.850 0.850 0.850 0.850 0.850 0.850 0.850 0.850 0.850 0.850 0.850 0.850 0.850 0.850 0.850 0.850 0.850 0.850 0.850 0.850 0.850 0.850
0.708 0.719 0.798 0.695 0.712 0.729 0.770 0.783 0.796 0.820 0.833 0.841 0.849 0.831 0.768 0.780 0.850 0.850 0.850 0.850 0.850 0.777 0.666 0.584 0.599 0.802 0.628 0.556 0.712 0.971 1.148 1.104 0.867 1.045 1.156 1.005 1.039 1.300 1.261 0.961 0.909 0.875 0.850 0.850 0.850 0.850 0.850 0.954 1.220 0.969 0.850 0.850 0.850 0.850 0.850 1.078 0.874 0.850 0.874 0.976 0.850 0.850 0.850 0.850 0.850 0.850 0.850 0.850 0.850 0.850 0.850 0.850 0.850 0.850 0.850 0.850 0.850
0.553 0.605 0.721 0.522 0.431 0.553 0.599 0.566 0.611 0.785 0.720 0.711 0.718 0.724 0.697 0.717 0.666 0.570 0.594 0.617 0.721 0.670 0.556 0.451 0.575 0.778 0.581 0.482 0.747 1.010 1.269 1.127 0.790 1.075 1.289 1.357 1.472 1.599 1.541 1.507 1.473 1.439 1.264 1.039 1.338 1.304 1.270 1.254 1.519 1.234 1.135 1.101 1.067 1.033 1.111 1.377 1.139 0.908 1.173 1.242 0.942 0.850 0.850 0.850 0.850 0.850 0.850 0.850 0.850 0.850 0.850 0.850 0.850 0.850 0.850 0.850 0.850
0.676 0.547 0.631 0.443 0.356 0.395 0.431 0.441 0.576 0.750 0.669 0.678 0.670 0.655 0.640 0.533 0.395 0.281 0.203 0.316 0.429 0.543 0.495 0.555 0.614 0.732 0.631 0.635 0.696 0.960 1.024 1.011 0.713 1.038 1.078 1.181 1.354 1.556 1.633 1.662 1.690 1.719 1.275 1.113 1.633 1.825 1.835 1.801 1.799 1.733 1.699 1.666 1.555 0.835 1.168 1.676 1.496 1.462 1.472 1.507 1.208 0.908 0.850 0.850 0.850 0.850 0.850 0.861 0.850 0.850 0.850 0.850 0.850 0.850 0.850 0.850 0.850
0.821 0.694 0.567 0.484 0.396 0.298 0.336 0.455 0.575 0.701 0.730 0.810 0.886 0.871 0.764 0.660 0.533 0.396 0.271 0.234 0.332 0.420 0.443 0.517 0.591 0.636 0.635 0.665 0.694 0.732 0.703 0.673 0.647 0.656 0.680 0.704 0.875 1.210 1.237 1.182 1.210 1.239 1.268 1.186 1.225 1.125 1.116 1.163 1.394 1.063 1.123 1.193 1.298 0.626 1.047 1.577 1.710 1.732 1.755 1.772 1.473 1.174 0.875 0.850 0.850 0.850 0.895 1.160 1.079 0.850 0.850 0.850 0.850 0.850 0.850 0.850 0.850
0.934 0.801 0.658 0.526 0.436 0.317 0.183 0.274 0.409 0.726 0.681 0.779 0.880 0.982 0.866 0.764 0.667 0.546 0.422 0.309 0.282 0.355 0.372 0.378 0.432 0.459 0.394 0.404 0.486 0.569 0.603 0.590 0.635 0.597 0.601 0.666 0.645 0.863 0.865 1.000 1.000 1.000 1.000 0.910 0.777 0.644 0.511 0.702 0.886 0.400 0.148 0.253 0.358 0.418 0.661 0.958 1.256 1.357 1.526 1.725 1.739 1.456 1.422 1.389 1.355 1.321 1.287 1.460 1.344 1.045 0.850 0.850 0.850 0.850 0.850 0.850 0.850
1.000 0.908 0.763 0.618 0.522 0.364 0.205 0.047 0.465 0.803 0.616 0.611 0.753 0.896 0.969 0.871 0.782 0.693 0.572 0.348 0.235 0.290 0.303 0.274 0.261 0.282 0.243 0.271 0.327 0.405 0.499 0.584 0.623 0.581 0.629 0.774 0.735 0.577 0.767 1.000 1.000 1.000 1.000 0.892 0.700 0.568 0.437 0.306 0.378 0.129 0.123 0.145 0.195 0.344 0.349 0.621 0.893 0.901 1.092 1.323 1.622 1.705 1.734 1.762 1.850 1.850 1.850 1.818 1.610 1.311 1.011 0.850 0.850 0.850 0.850 0.850 0.850
1.000 1.000 0.892 0.747 0.751 0.764 0.614 0.581 0.579 0.879 0.706 0.688 0.815 0.941 1.000 0.823 0.753 0.682 0.590 0.303 0.209 0.238 0.241 0.188 0.142 0.163 0.352 0.359 0.206 0.306 0.430 0.555 0.611 0.668 0.768 0.883 0.825 0.690 0.783 1.000 1.000 1.000 1.000 0.879 0.712 0.594 0.451 0.308 0.238 0.223 0.202 0.181 0.294 0.480 0.410 0.404 0.401 0.398 0.394 0.725 1.313 1.284 1.255 1.350 1.575 1.850 1.850 1.592 1.819 1.576 1.275 1.075 1.213 1.179 1.025 0.850 0.850
1.000 1.000 1.000 0.875 0.896 1.000 1.000 1.000 1.000 0.975 0.832 0.831 0.957 1.000 1.000 0.728 0.553 0.466 0.377 0.257 0.179 0.181 0.434 0.444 0.403 0.383 0.461 0.447 0.301 0.219 0.345 0.471 0.581 0.700 0.816 0.932 0.941 0.808 0.916 1.000 1.000 1.000 1.000 0.918 0.810 0.703 0.580 0.428 0.372 0.499 0.478 0.192 0.392 0.611 0.495 0.322 0.335 0.301 0.315 0.416 1.004 0.933 0.887 1.008 1.246 1.617 1.550 1.221 1.490 1.828 1.436 1.281 1.652 1.561 1.040 0.882 0.850
1.000 1.000 1.000 1.000 1.000 1.000 1.000 1.000 1.000 1.000 0.959 0.973 0.902 0.993 0.988 0.714 0.569 0.446 0.338 0.222 0.121 0.123 0.393 0.610 0.623 0.624 0.626 0.548 0.408 0.299 0.249 0.344 0.451 0.582 0.701 0.823 0.946 0.931 1.000 1.000 1.000 1.000 1.000 1.000 0.906 0.799 0.688 0.545 0.506 0.632 0.455 0.163 0.401 0.660 0.430 0.275 0.320 0.387 0.461 0.535 0.695 0.647 0.632 0.684 0.904 0.946 0.988 0.851 1.136 1.414 1.597 1.488 1.658 1.516 1.055 0.926 0.829
