in/test_suite/Wilf/Scen013/cape.asc
ncols        350
nrows        499
xllcorner    0.000000000000
yllcorner    -499.000000000000
cellsize     1.000000000000
NODATA_value -9999
[rows 108 to 125 of 499, columns 280 to 319 of 350]
4.307254791259765625 4.2448520660400390625 4.1824488639831542969 4.1200461387634277344 4.0576434135437011719 3.9963648319244384766 3.9394164085388183594 3.8824679851531982422 3.8255193233489990234 3.7661831378936767578 3.7034375667572021484 3.6406922340393066406 3.5779469013214111328 3.515201568603515625 3.4524562358856201172 3.3930845260620117188 3.3358368873596191406 3.2785890102386474609 3.2192301750183105469 3.1561367511749267578 3.0930430889129638672 3.0299496650695800781 2.9668560028076171875 2.9037625789642333984 2.8407702445983886719 2.7832186222076416016 2.7256667613983154297 2.6662511825561523438 2.6028037071228027344 2.539356231689453125 2.4759087562561035156 2.4124615192413330078 2.3490140438079833984 2.2855665683746337891 2.2244651317596435547 2.1666042804718017578 2.1048731803894042969 2.0411334037780761719 1.9773936271667480469 1.9136537313461303711
4.3072509765625 4.245143890380859375 4.1881957054138183594 4.1312470436096191406 4.0742983818054199219 4.0171608924865722656 3.9544155597686767578 3.8916699886322021484 3.8289246559143066406 3.7661793231964111328 3.703433990478515625 3.6432306766510009766 3.5859830379486083984 3.5287353992462158203 3.4714875221252441406 3.4085071086883544922 3.3454134464263916016 3.2823200225830078125 3.2192263603210449219 3.1561329364776611328 3.0930392742156982422 3.0347540378570556641 2.9772024154663085938 2.9196505546569824219 2.8565895557403564453 2.7931420803070068359 2.7296948432922363281 2.6662473678588867188 2.6027998924255371094 2.5393524169921875 2.4774129390716552734 2.4195520877838134766 2.3598284721374511719 2.2960886955261230469 2.2323489189147949219 2.1686091423034667969 2.1048693656921386719 2.0411295890808105469 1.9773898124694824219 1.9138135910034179688
4.3230776786804199219 4.2661294937133789062 4.2053933143615722656 4.1426477432250976562 4.07990264892578125 4.0171570777893066406 3.9544117450714111328 3.8933768272399902344 3.8361291885375976562 3.7788815498352050781 3.7216339111328125 3.6608774662017822266 3.5977838039398193359 3.5346903800964355469 3.4715967178344726562 3.4085032939910888672 3.3454098701477050781 3.2862896919250488281 3.2287378311157226562 3.1711862087249755859 3.1103754043579101562 3.0469279289245605469 2.9834806919097900391 2.9200332164764404297 2.8565857410430908203 2.7931385040283203125 2.7303607463836669922 2.6724998950958251953 2.6146390438079833984 2.5510442256927490234 2.4873044490814208984 2.4235646724700927734 2.3598248958587646484 2.2960851192474365234 2.2323453426361083984 2.1686053276062011719 2.1101968288421630859 2.0494852066040039062 1.9854841232299804688 1.921483159065246582
4.3308801651000976562 4.26813507080078125 4.2053894996643066406 4.1435232162475585938 4.0862755775451660156 4.0290279388427734375 3.9717800617218017578 3.9132478237152099609 3.8501541614532470703 3.7870607376098632812 3.7239670753479003906 3.6608736515045166016 3.5977802276611328125 3.5378253459930419922 3.4802734851837158203 3.4227216243743896484 3.3641612529754638672 3.3007137775421142578 3.23726654052734375 3.1738190650939941406 3.1103715896606445312 3.0469243526458740234 2.9834768772125244141 2.9254477024078369141 2.8675868511199951172 2.8059995174407958984 2.7422597408294677734 2.6785199642181396484 2.6147801876068115234 2.5510404109954833984 2.4873006343841552734 2.4235608577728271484 2.3645660877227783203 2.3054854869842529297 2.2414844036102294922 2.1774833202362060547 2.1134824752807617188 2.0494813919067382812 1.9854804277420043945 1.921479344367980957
4.3364214897155761719 4.2791738510131835938 4.2219262123107910156 4.1646785736083984375 4.1025247573852539062 4.0394310951232910156 3.9763376712799072266 3.9132440090179443359 3.8501505851745605469 3.7893607616424560547 3.7318091392517089844 3.6742572784423828125 3.6167054176330566406 3.5544998645782470703 3.4910523891448974609 3.4276049137115478516 3.3641574382781982422 3.3007102012634277344 3.237262725830078125 3.1783955097198486328 3.1205346584320068359 3.060955047607421875 2.99721527099609375 2.933475494384765625 2.8697357177734375 2.805995941162109375 2.74225616455078125 2.6785161495208740234 2.6189353466033935547 2.5609283447265625 2.4974846839904785156 2.4334838390350341797 2.3694827556610107422 2.3054816722869873047 2.2414805889129638672 2.1774797439575195312 2.1134786605834960938 2.0531609058380126953 1.9912053346633911133 1.9270194768905639648
4.3548951148986816406 4.29180145263671875 4.2287077903747558594 4.1656146049499511719 4.1025209426879882812 4.0408964157104492188 3.9833445549011230469 3.9257929325103759766 3.8682410717010498047 3.8082857131958007812 3.7448382377624511719 3.6813907623291015625 3.6179435253143310547 3.5544960498809814453 3.4910485744476318359 3.4313433170318603516 3.3734824657440185547 3.3156216144561767578 3.252170562744140625 3.1884307861328125 3.124691009521484375 3.06095123291015625 2.997211456298828125 2.9334716796875 2.8733043670654296875 2.8152976036071777344 2.7534849643707275391 2.6894841194152832031 2.6254830360412597656 2.5614819526672363281 2.4974811077117919922 2.4334800243377685547 2.3694789409637451172 2.3090367317199707031 2.2479448318481445312 2.1837589740753173828 2.1195731163024902344 2.0553874969482421875 1.9912016391754150391 1.9270157814025878906
4.3548913002014160156 4.2924318313598632812 4.2348799705505371094 4.1773285865783691406 4.1197767257690429688 4.0620713233947753906 3.9986240863800048828 3.9351766109466552734 3.8717293739318847656 3.8082818984985351562 3.7448344230651855469 3.6842911243438720703 3.6264302730560302734 3.5685694217681884766 3.5071260929107666016 3.4433863162994384766 3.3796465396881103516 3.3159067630767822266 3.2521669864654541016 3.188426971435546875 3.1276688575744628906 3.0696668624877929688 3.0094854831695556641 2.9454843997955322266 2.8814833164215087891 2.8174822330474853516 2.7534813880920410156 2.6894803047180175781 2.6254792213439941406 2.5649123191833496094 2.5046844482421875 2.4404985904693603516 2.3763127326965332031 2.3121268749237060547 2.2479410171508789062 2.1837551593780517578 2.1195695400238037109 2.0553836822509765625 1.9953792095184326172 1.9365437030792236328
4.3713121414184570312 4.3137602806091308594 4.2524099349975585938 4.1889624595642089844 4.125514984130859375 4.0620679855346679688 3.9986202716827392578 3.9372391700744628906 3.8793780803680419922 3.8215172290802001953 3.7620813846588134766 3.6983416080474853516 3.6346018314361572266 3.5708620548248291016 3.5071222782135009766 3.4433825016021728516 3.3820285797119140625 3.3240361213684082031 3.2654857635498046875 3.20148468017578125 3.1374835968017578125 3.0734827518463134766 3.0094816684722900391 2.9454805850982666016 2.8814795017242431641 2.8207876682281494141 2.7614238262176513672 2.6972379684448242188 2.6330521106719970703 2.5688664913177490234 2.504680633544921875 2.4404947757720947266 2.3763089179992675781 2.3121230602264404297 2.2527582645416259766 2.1939256191253662109 2.13190460205078125 2.0673449039459228516 2.0027852058410644531 1.9382255077362060547
4.3793010711669921875 4.3158535957336425781 4.2524061203002929688 4.1901869773864746094 4.1323261260986328125 4.0744652748107910156 4.0166044235229492188 3.9532971382141113281 3.8895573616027832031 3.8258175849914550781 3.7620775699615478516 3.6983377933502197266 3.6363883018493652344 3.5784053802490234375 3.5203983783721923828 3.4574849605560302734 3.3934838771820068359 3.3294830322265625 3.2654819488525390625 3.201480865478515625 3.1374800205230712891 3.0766618251800537109 3.0181634426116943359 2.9539775848388671875 2.8897917270660400391 2.8256058692932128906 2.7614200115203857422 2.6972343921661376953 2.6330485343933105469 2.5689446926116943359 2.5101375579833984375 2.4513075351715087891 2.3901398181915283203 2.3255801200866699219 2.2610201835632324219 2.1964604854583740234 2.131900787353515625 2.0673410892486572266 2.0027813911437988281 1.9382216930389404297
4.3852739334106445312 4.3274130821228027344 4.2695522308349609375 4.2082524299621582031 4.1445126533508300781 4.0807728767395019531 4.0170331001281738281 3.9532933235168457031 3.8907482624053955078 3.8327744007110595703 3.7747676372528076172 3.7134852409362792969 3.6494843959808349609 3.5854833126068115234 3.5214822292327880859 3.4574811458587646484 3.3934803009033203125 3.3325362205505371094 3.2741413116455078125 3.2107169628143310547 3.1465311050415039062 3.0823454856872558594 3.0181596279144287109 2.9539737701416015625 2.8897879123687744141 2.8263237476348876953 2.7675166130065917969 2.7086894512176513672 2.6483747959136962891 2.5838150978088378906 2.5192553997039794922 2.4546957015991210938 2.3901360034942626953 2.3255763053894042969 2.2610166072845458984 2.1964569091796875 2.1365058422088623047 2.0757777690887451172 2.0109541416168212891 1.9461307525634765625
4.3994679450988769531 4.3357281684875488281 4.2719883918762207031 4.2082486152648925781 4.1451082229614257812 4.0871438980102539062 4.02913665771484375 3.9694857597351074219 3.9054846763610839844 3.8414835929870605469 3.7774825096130371094 3.7134816646575927734 3.6494805812835693359 3.5884103775024414062 3.5300168991088867188 3.4674565792083740234 3.403270721435546875 3.3390848636627197266 3.2748990058898925781 3.2107133865356445312 3.1465275287628173828 3.0837028026580810547 3.0248956680297851562 2.9660713672637939453 2.9066100120544433594 2.8420503139495849609 2.7774906158447265625 2.7129309177398681641 2.6483712196350097656 2.5838112831115722656 2.5192515850067138672 2.4546918869018554688 2.3953788280487060547 2.3350677490234375 2.2702443599700927734 2.2054209709167480469 2.1405973434448242188 2.0757739543914794922 2.0109505653381347656 1.9461270570755004883
4.3994679450988769531 4.3415131568908691406 4.2835059165954589844 4.2254858016967773438 4.1614847183227539062 4.0974841117858886719 4.0334830284118652344 3.9694819450378417969 3.9054808616638183594 3.8442847728729248047 3.7858927249908447266 3.7241959571838378906 3.6600103378295898438 3.5958244800567626953 3.5316386222839355469 3.4674527645111083984 3.40326690673828125 3.3410818576812744141 3.2822747230529785156 3.2234532833099365234 3.1645874977111816406 3.1002852916717529297 3.0357255935668945312 2.9711658954620361328 2.9066061973571777344 2.8420464992523193359 2.7774868011474609375 2.7135205268859863281 2.6542518138885498047 2.5943579673767089844 2.5295345783233642578 2.4647109508514404297 2.3998875617980957031 2.3350641727447509766 2.2702405452728271484 2.2054171562194824219 2.1405937671661376953 2.0783886909484863281 2.0167908668518066406 1.9517788887023925781
4.4174852371215820312 4.3534841537475585938 4.2894830703735351562 4.2254819869995117188 4.1614813804626464844 4.10015869140625 4.0417685508728027344 3.9809355735778808594 3.9167497158050537109 3.8525638580322265625 3.7883780002593994141 3.7241923809051513672 3.6600065231323242188 3.5984609127044677734 3.539653778076171875 3.4808351993560791016 3.4219698905944824219 3.3585205078125 3.2939608097076416016 3.2294011116027832031 3.1648414134979248047 3.1002817153930664062 3.0357220172882080078 2.9723937511444091797 2.9131250381469726562 2.8536481857299804688 2.7888247966766357422 2.7240011692047119141 2.6591777801513671875 2.5943543910980224609 2.5295307636260986328 2.4647073745727539062 2.3998837471008300781 2.3387532234191894531 2.2768352031707763672 2.2118232250213623047 2.1468112468719482422 2.0817992687225341797 2.0167872905731201172 1.9517751932144165039
4.4174814224243164062 4.3560333251953125 4.2976441383361816406 4.2376751899719238281 4.1734890937805175781 4.1093034744262695312 4.0451173782348632812 3.9809317588806152344 3.9167459011077880859 3.8558402061462402344 3.7970328330993652344 3.7382168769836425781 3.679351806640625 3.6167557239532470703 3.5521960258483886719 3.4876363277435302734 3.4230763912200927734 3.358516693115234375 3.2939569950103759766 3.2312667369842529297 3.1719980239868164062 3.1127293109893798828 3.048114776611328125 2.9832913875579833984 2.9184679985046386719 2.8536443710327148438 2.7888209819793701172 2.7239975929260253906 2.6591739654541015625 2.5991144180297851562 2.5368795394897460938 2.4718673229217529297 2.4068553447723388672 2.3418433666229248047 2.2768313884735107422 2.2118194103240966797 2.1468074321746826172 2.0817954540252685547 2.0195143222808837891 1.9594283103942871094
4.4302287101745605469 4.3660430908203125 4.30185699462890625 4.2376713752746582031 4.1734852790832519531 4.1132192611694335938 4.0544118881225585938 3.9955987930297851562 3.9367337226867675781 3.8749907016754150391 3.8104310035705566406 3.7458713054656982422 3.6813116073608398438 3.6167519092559814453 3.5521922111511230469 3.4901397228240966797 3.4308710098266601562 3.3716022968292236328 3.3074049949645996094 3.2425816059112548828 3.1777579784393310547 3.1129345893859863281 3.0481112003326416016 2.9832875728607177734 2.9191410541534423828 2.8594737052917480469 2.7969236373901367188 2.7319116592407226562 2.6668996810913085938 2.6018877029418945312 2.5368757247924804688 2.4718637466430664062 2.4068517684936523438 2.3418397903442382812 2.2813558578491210938 2.2212626934051513672 2.1610937118530273438 2.0963850021362304688 2.0309169292449951172 1.9654489755630493164
4.4302248954772949219 4.3705983161926269531 4.3117909431457519531 4.2529807090759277344 4.1941156387329101562 4.1332259178161621094 4.0686659812927246094 4.0041065216064453125 3.9395468235015869141 3.8749871253967285156 3.8104274272918701172 3.7490127086639404297 3.6897439956665039062 3.6304752826690673828 3.5666952133178710938 3.5018718242645263672 3.4370481967926025391 3.3722248077392578125 3.3074011802673339844 3.2425777912139892578 3.1795055866241455078 3.1198327541351318359 3.0569679737091064453 2.9919559955596923828 2.9269440174102783203 2.8619320392608642578 2.7969200611114501953 2.7319078445434570312 2.6668958663940429688 2.6032750606536865234 2.5431973934173583984 2.4830949306488037109 2.4229211807250976562 2.35825347900390625 2.2927854061126708984 2.2273173332214355469 2.1618492603302001953 2.0963811874389648438 2.0309131145477294922 1.9654451608657836914
4.4514975547790527344 4.3914608955383300781 4.3269014358520507812 4.2623414993286132812 4.1977820396423339844 4.1332221031188964844 4.0686626434326171875 4.0078859329223632812 3.9486172199249267578 3.8893485069274902344 3.8259854316711425781 3.76116180419921875 3.6963384151458740234 3.6315150260925292969 3.5666913986206054688 3.5018680095672607422 3.4398703575134277344 3.3801920413970947266 3.3170123100280761719 3.2520000934600830078 3.1869881153106689453 3.1219761371612548828 3.0569641590118408203 2.9919521808624267578 2.9269402027130126953 2.8651165962219238281 2.8050391674041748047 2.7449223995208740234 2.6847488880157470703 2.6201219558715820312 2.5546538829803466797 2.4891858100891113281 2.4237177371978759766 2.358249664306640625 2.2927815914154052734 2.2273135185241699219 2.1627430915832519531 2.1021862030029296875 2.0371642112731933594 1.9714944362640380859
4.4560170173645019531 4.3914570808410644531 4.3268976211547851562 4.2667589187622070312 4.2074899673461914062 4.1482214927673339844 4.0852756500244140625 4.0204520225524902344 3.9556286334991455078 3.8908050060272216797 3.8259816169738769531 3.7611582279205322266 3.7002348899841308594 3.6405513286590576172 3.5770564079284667969 3.5120444297790527344 3.4470324516296386719 3.3820204734802246094 3.3170084953308105469 3.2519965171813964844 3.1870357990264892578 3.1269581317901611328 3.0668807029724121094 3.0067501068115234375 2.9465763568878173828 2.8819901943206787109 2.8165221214294433594 2.7510542869567871094 2.6855862140655517578 2.6201181411743164062 2.5546500682830810547 2.4891819953918457031 2.4260358810424804688 2.3654761314392089844 2.2998397350311279297 2.2341699600219726562 2.1685001850128173828 2.1028301715850830078 2.0371603965759277344 1.9714906215667724609
