in/test_suite/Wilf/Scen013/cape.asc
ncols        350
nrows        499
xllcorner    0.000000000000
yllcorner    -499.000000000000
cellsize     1.000000000000
NODATA_value -9999
[rows 270 to 287 of 499, columns 120 to 159 of 350]
18.756235122680664062 18.736177444458007812 18.716119766235351562 18.696062088012695312 18.676004409790039062 18.655948638916015625 18.635890960693359375 18.615833282470703125 18.595775604248046875 18.575717926025390625 18.555662155151367188 18.535604476928710938 18.515546798706054688 18.495489120483398438 18.475431442260742188 18.45537567138671875 18.4353179931640625 18.41526031494140625 18.39520263671875 18.37514495849609375 18.355089187622070312 18.335031509399414062 18.314973831176757812 18.294916152954101562 18.274858474731445312 18.254800796508789062 18.234745025634765625 18.214687347412109375 18.194629669189453125 18.174571990966796875 18.154514312744140625 18.134458541870117188 18.114400863647460938 18.094343185424804688 18.074285507202148438 18.054227828979492188 18.03417205810546875 18.0141143798828125 17.99405670166015625 17.9739990234375
18.756235122680664062 18.736177444458007812 18.716119766235351562 18.696062088012695312 18.676004409790039062 18.655948638916015625 18.635890960693359375 18.615833282470703125 18.595775604248046875 18.575717926025390625 18.555662155151367188 18.535604476928710938 18.515546798706054688 18.495489120483398438 18.475431442260742188 18.45537567138671875 18.4353179931640625 18.41526031494140625 18.39520263671875 18.37514495849609375 18.355089187622070312 18.335031509399414062 18.314973831176757812 18.294916152954101562 18.274858474731445312 18.254800796508789062 18.234745025634765625 18.214687347412109375 18.194629669189453125 18.174571990966796875 18.154514312744140625 18.134458541870117188 18.114400863647460938 18.094343185424804688 18.074285507202148438 18.054227828979492188 18.03417205810546875 18.0141143798828125 17.99405670166015625 17.9739990234375
18.756235122680664062 18.736177444458007812 18.716119766235351562 18.696062088012695312 18.676004409790039062 18.655948638916015625 18.635890960693359375 18.615833282470703125 18.595775604248046875 18.575717926025390625 18.555662155151367188 18.535604476928710938 18.515546798706054688 18.495489120483398438 18.475431442260742188 18.45537567138671875 18.4353179931640625 18.41526031494140625 18.39520263671875 18.37514495849609375 18.355089187622070312 18.335031509399414062 18.314973831176757812 18.294916152954101562 18.274858474731445312 18.254800796508789062 18.234745025634765625 18.214687347412109375 18.194629669189453125 18.174571990966796875 18.154514312744140625 18.134458541870117188 18.114400863647460938 18.094343185424804688 18.074285507202148438 18.054227828979492188 18.03417205810546875 18.0141143798828125 17.99405670166015625 17.9739990234375
18.756235122680664062 18.736177444458007812 18.716119766235351562 18.696062088012695312 18.676004409790039062 18.655948638916015625 18.635890960693359375 18.615833282470703125 18.595775604248046875 18.575717926025390625 18.555662155151367188 18.535604476928710938 18.515546798706054688 18.495489120483398438 18.475431442260742188 18.45537567138671875 18.4353179931640625 18.41526031494140625 18.39520263671875 18.37514495849609375 18.355089187622070312 18.335031509399414062 18.314973831176757812 18.294916152954101562 18.274858474731445312 18.254800796508789062 18.234745025634765625 18.214687347412109375 18.194629669189453125 18.174571990966796875 18.154514312744140625 18.134458541870117188 18.114400863647460938 18.094343185424804688 18.074285507202148438 18.054227828979492188 18.03417205810546875 18.0141143798828125 17.99405670166015625 17.9739990234375
18.756235122680664062 18.736177444458007812 18.716119766235351562 18.696062088012695312 18.676004409790039062 18.655948638916015625 18.635890960693359375 18.615833282470703125 18.595775604248046875 18.575717926025390625 18.555662155151367188 18.535604476928710938 18.515546798706054688 18.495489120483398438 18.475431442260742188 18.45537567138671875 18.4353179931640625 18.41526031494140625 18.39520263671875 18.37514495849609375 18.355089187622070312 18.335031509399414062 18.314973831176757812 18.294916152954101562 18.274858474731445312 18.254800796508789062 18.234745025634765625 18.214687347412109375 18.194629669189453125 18.174571990966796875 18.154514312744140625 18.134458541870117188 18.114400863647460938 18.094343185424804688 18.074285507202148438 18.054227828979492188 18.03417205810546875 18.0141143798828125 17.99405670166015625 17.9739990234375
18.756235122680664062 18.736177444458007812 18.716119766235351562 18.696062088012695312 18.676004409790039062 18.655948638916015625 18.635890960693359375 18.615833282470703125 18.595775604248046875 18.575717926025390625 18.555662155151367188 18.535604476928710938 18.515546798706054688 18.495489120483398438 18.475431442260742188 18.45537567138671875 18.4353179931640625 18.41526031494140625 18.39520263671875 18.37514495849609375 18.355089187622070312 18.335031509399414062 18.314973831176757812 18.294916152954101562 18.274858474731445312 18.254800796508789062 18.234745025634765625 18.214687347412109375 18.194629669189453125 18.174571990966796875 18.154514312744140625 18.134458541870117188 18.114400863647460938 18.094343185424804688 18.074285507202148438 18.054227828979492188 18.03417205810546875 18.0141143798828125 17.99405670166015625 17.9739990234375
18.756235122680664062 18.736177444458007812 18.716119766235351562 18.696062088012695312 18.676004409790039062 18.655948638916015625 18.635890960693359375 18.615833282470703125 18.595775604248046875 18.575717926025390625 18.555662155151367188 18.535604476928710938 18.515546798706054688 18.495489120483398438 18.475431442260742188 18.45537567138671875 18.4353179931640625 18.41526031494140625 18.39520263671875 18.37514495849609375 18.355089187622070312 18.335031509399414062 18.314973831176757812 18.294916152954101562 18.274858474731445312 18.254800796508789062 18.234745025634765625 18.214687347412109375 18.194629669189453125 18.174571990966796875 18.154514312744140625 18.134458541870117188 18.114400863647460938 18.094343185424804688 18.074285507202148438 18.054227828979492188 18.03417205810546875 18.0141143798828125 17.99405670166015625 17.9739990234375
18.756235122680664062 18.736177444458007812 18.716119766235351562 18.696062088012695312 18.676004409790039062 18.655948638916015625 18.635890960693359375 18.615833282470703125 18.595775604248046875 18.575717926025390625 18.555662155151367188 18.535604476928710938 18.515546798706054688 18.495489120483398438 18.475431442260742188 18.45537567138671875 18.4353179931640625 18.41526031494140625 18.39520263671875 18.37514495849609375 18.355089187622070312 18.335031509399414062 18.314973831176757812 18.294916152954101562 18.274858474731445312 18.254800796508789062 18.234745025634765625 18.214687347412109375 18.194629669189453125 18.174571990966796875 18.154514312744140625 18.134458541870117188 18.114400863647460938 18.094343185424804688 18.074285507202148438 18.054227828979492188 18.03417205810546875 18.0141143798828125 17.99405670166015625 17.9739990234375
18.756235122680664062 18.736177444458007812 18.716119766235351562 18.696062088012695312 18.676004409790039062 18.655948638916015625 18.635890960693359375 18.615833282470703125 18.595775604248046875 18.575717926025390625 18.555662155151367188 18.535604476928710938 18.515546798706054688 18.495489120483398438 18.475431442260742188 18.45537567138671875 18.4353179931640625 18.41526031494140625 18.39520263671875 18.37514495849609375 18.355089187622070312 18.335031509399414062 18.314973831176757812 18.294916152954101562 18.274858474731445312 18.254800796508789062 18.234745025634765625 18.214687347412109375 18.194629669189453125 18.174571990966796875 18.154514312744140625 18.134458541870117188 18.114400863647460938 18.094343185424804688 18.074285507202148438 18.054227828979492188 18.03417205810546875 18.0141143798828125 17.99405670166015625 17.9739990234375
18.756235122680664062 18.736177444458007812 18.716119766235351562 18.696062088012695312 18.676004409790039062 18.655948638916015625 18.635890960693359375 18.615833282470703125 18.595775604248046875 18.575717926025390625 18.555662155151367188 18.535604476928710938 18.515546798706054688 18.495489120483398438 18.475431442260742188 18.45537567138671875 18.4353179931640625 18.41526031494140625 18.39520263671875 18.37514495849609375 18.355089187622070312 18.335031509399414062 18.314973831176757812 18.294916152954101562 18.274858474731445312 18.254800796508789062 18.234745025634765625 18.214687347412109375 18.194629669189453125 18.174571990966796875 18.154514312744140625 18.134458541870117188 18.114400863647460938 18.094343185424804688 18.074285507202148438 18.054227828979492188 18.03417205810546875 18.0141143798828125 17.99405670166015625 17.9739990234375
18.756235122680664062 18.736177444458007812 18.716119766235351562 18.696062088012695312 18.676004409790039062 18.655948638916015625 18.635890960693359375 18.615833282470703125 18.595775604248046875 18.575717926025390625 18.555662155151367188 18.535604476928710938 18.515546798706054688 18.495489120483398438 18.475431442260742188 18.45537567138671875 18.4353179931640625 18.41526031494140625 18.39520263671875 18.37514495849609375 18.355089187622070312 18.335031509399414062 18.314973831176757812 18.294916152954101562 18.274858474731445312 18.254800796508789062 18.234745025634765625 18.214687347412109375 18.194629669189453125 18.174571990966796875 18.154514312744140625 18.134458541870117188 18.114400863647460938 18.094343185424804688 18.074285507202148438 18.054227828979492188 18.03417205810546875 18.0141143798828125 17.99405670166015625 17.9739990234375
18.756235122680664062 18.736177444458007812 18.716119766235351562 18.696062088012695312 18.676004409790039062 18.655948638916015625 18.635890960693359375 18.615833282470703125 18.595775604248046875 18.575717926025390625 18.555662155151367188 18.535604476928710938 18.515546798706054688 18.495489120483398438 18.475431442260742188 18.45537567138671875 18.4353179931640625 18.41526031494140625 18.39520263671875 18.37514495849609375 18.355089187622070312 18.335031509399414062 18.314973831176757812 18.294916152954101562 18.274858474731445312 18.254800796508789062 18.234745025634765625 18.214687347412109375 18.194629669189453125 18.174571990966796875 18.154514312744140625 18.134458541870117188 18.114400863647460938 18.094343185424804688 18.074285507202148438 18.054227828979492188 18.03417205810546875 18.0141143798828125 17.99405670166015625 17.9739990234375
18.756235122680664062 18.736177444458007812 18.716119766235351562 18.696062088012695312 18.676004409790039062 18.655948638916015625 18.635890960693359375 18.615833282470703125 18.595775604248046875 18.575717926025390625 18.555662155151367188 18.535604476928710938 18.515546798706054688 18.495489120483398438 18.475431442260742188 18.45537567138671875 18.4353179931640625 18.41526031494140625 18.39520263671875 18.37514495849609375 18.355089187622070312 18.335031509399414062 18.314973831176757812 18.294916152954101562 18.274858474731445312 18.254800796508789062 18.234745025634765625 18.214687347412109375 18.194629669189453125 18.174571990966796875 18.154514312744140625 18.134458541870117188 18.114400863647460938 18.094343185424804688 18.074285507202148438 18.054227828979492188 18.03417205810546875 18.0141143798828125 17.99405670166015625 17.9739990234375
18.756235122680664062 18.736177444458007812 18.716119766235351562 18.696062088012695312 18.676004409790039062 18.655948638916015625 18.635890960693359375 18.615833282470703125 18.595775604248046875 18.575717926025390625 18.555662155151367188 18.535604476928710938 18.515546798706054688 18.495489120483398438 18.475431442260742188 18.45537567138671875 18.4353179931640625 18.41526031494140625 18.39520263671875 18.37514495849609375 18.355089187622070312 18.335031509399414062 18.314973831176757812 18.294916152954101562 18.274858474731445312 18.254800796508789062 18.234745025634765625 18.214687347412109375 18.194629669189453125 18.174571990966796875 18.154514312744140625 18.134458541870117188 18.114400863647460938 18.094343185424804688 18.074285507202148438 18.054227828979492188 18.03417205810546875 18.0141143798828125 17.99405670166015625 17.9739990234375
18.756235122680664062 18.736177444458007812 18.716119766235351562 18.696062088012695312 18.676004409790039062 18.655948638916015625 18.635890960693359375 18.615833282470703125 18.595775604248046875 18.575717926025390625 18.555662155151367188 18.535604476928710938 18.515546798706054688 18.495489120483398438 18.475431442260742188 18.45537567138671875 18.4353179931640625 18.41526031494140625 18.39520263671875 18.37514495849609375 18.355089187622070312 18.335031509399414062 18.314973831176757812 18.294916152954101562 18.274858474731445312 18.254800796508789062 18.234745025634765625 18.214687347412109375 18.194629669189453125 18.174571990966796875 18.154514312744140625 18.134458541870117188 18.114400863647460938 18.094343185424804688 18.074285507202148438 18.054227828979492188 18.03417205810546875 18.0141143798828125 17.99405670166015625 17.9739990234375
18.756235122680664062 18.736177444458007812 18.716119766235351562 18.696062088012695312 18.676004409790039062 18.655948638916015625 18.635890960693359375 18.615833282470703125 18.595775604248046875 18.575717926025390625 18.555662155151367188 18.535604476928710938 18.515546798706054688 18.495489120483398438 18.475431442260742188 18.45537567138671875 18.4353179931640625 18.41526031494140625 18.39520263671875 18.37514495849609375 18.355089187622070312 18.335031509399414062 18.314973831176757812 18.294916152954101562 18.274858474731445312 18.254800796508789062 18.234745025634765625 18.214687347412109375 18.194629669189453125 18.174571990966796875 18.154514312744140625 18.134458541870117188 18.114400863647460938 18.094343185424804688 18.074285507202148438 18.054227828979492188 18.03417205810546875 18.0141143798828125 17.99405670166015625 17.9739990234375
18.756235122680664062 18.736177444458007812 18.716119766235351562 18.696062088012695312 18.676004409790039062 18.655948638916015625 18.635890960693359375 18.615833282470703125 18.595775604248046875 18.575717926025390625 18.555662155151367188 18.535604476928710938 18.515546798706054688 18.495489120483398438 18.475431442260742188 18.45537567138671875 18.4353179931640625 18.41526031494140625 18.39520263671875 18.37514495849609375 18.355089187622070312 18.335031509399414062 18.314973831176757812 18.294916152954101562 18.274858474731445312 18.254800796508789062 18.234745025634765625 18.214687347412109375 18.194629669189453125 18.174571990966796875 18.154514312744140625 18.134458541870117188 18.114400863647460938 18.094343185424804688 18.074285507202148438 18.054227828979492188 18.03417205810546875 18.0141143798828125 17.99405670166015625 17.9739990234375
18.756235122680664062 18.736177444458007812 18.716119766235351562 18.696062088012695312 18.676004409790039062 18.655948638916015625 18.635890960693359375 18.615833282470703125 18.595775604248046875 18.575717926025390625 18.555662155151367188 18.535604476928710938 18.515546798706054688 18.495489120483398438 18.475431442260742188 18.45537567138671875 18.4353179931640625 18.41526031494140625 18.39520263671875 18.37514495849609375 18.355089187622070312 18.335031509399414062 18.314973831176757812 18.294916152954101562 18.274858474731445312 18.254800796508789062 18.234745025634765625 18.214687347412109375 18.194629669189453125 18.174571990966796875 18.154514312744140625 18.134458541870117188 18.114400863647460938 18.094343185424804688 18.074285507202148438 18.054227828979492188 18.03417205810546875 18.0141143798828125 17.99405670166015625 17.9739990234375
