in/test_suite/Wilf/Scen013/cape.asc
ncols        350
nrows        499
xllcorner    0.000000000000
yllcorner    -499.000000000000
cellsize     1.000000000000
NODATA_value -9999
[rows 90 to 107 of 499, columns 0 to 39 of 350]
21.163110733032226562 21.143053054809570312 21.122997283935546875 21.102939605712890625 21.082881927490234375 21.062824249267578125 21.042766571044921875 21.022710800170898438 21.002653121948242188 20.982595443725585938 20.962537765502929688 20.942480087280273438 20.92242431640625 20.90236663818359375 20.8823089599609375 20.86225128173828125 20.842193603515625 20.822137832641601562 20.802080154418945312 20.782022476196289062 20.761964797973632812 20.741907119750976562 20.721851348876953125 20.701793670654296875 20.681735992431640625 20.661678314208984375 20.641620635986328125 20.621564865112304688 20.601507186889648438 20.581449508666992188 20.561391830444335938 20.541334152221679688 20.521276473999023438 20.501220703125 20.48116302490234375 20.4611053466796875 20.44104766845703125 20.420989990234375 20.400934219360351562 20.380876541137695312
21.163110733032226562 21.143053054809570312 21.122997283935546875 21.102939605712890625 21.082881927490234375 21.062824249267578125 21.042766571044921875 21.022710800170898438 21.002653121948242188 20.982595443725585938 20.962537765502929688 20.942480087280273438 20.92242431640625 20.90236663818359375 20.8823089599609375 20.86225128173828125 20.842193603515625 20.822137832641601562 20.802080154418945312 20.782022476196289062 20.761964797973632812 20.741907119750976562 20.721851348876953125 20.701793670654296875 20.681735992431640625 20.661678314208984375 20.641620635986328125 20.621564865112304688 20.601507186889648438 20.581449508666992188 20.561391830444335938 20.541334152221679688 20.521276473999023438 20.501220703125 20.48116302490234375 20.4611053466796875 20.44104766845703125 20.420989990234375 20.400934219360351562 20.380876541137695312
21.163110733032226562 21.143053054809570312 21.122997283935546875 21.102939605712890625 21.082881927490234375 21.062824249267578125 21.042766571044921875 21.022710800170898438 21.002653121948242188 20.982595443725585938 20.962537765502929688 20.942480087280273438 20.92242431640625 20.90236663818359375 20.8823089599609375 20.86225128173828125 20.842193603515625 20.822137832641601562 20.802080154418945312 20.782022476196289062 20.761964797973632812 20.741907119750976562 20.721851348876953125 20.701793670654296875 20.681735992431640625 20.661678314208984375 20.641620635986328125 20.621564865112304688 20.601507186889648438 20.581449508666992188 20.561391830444335938 20.541334152221679688 20.521276473999023438 20.501220703125 20.48116302490234375 20.4611053466796875 20.44104766845703125 20.420989990234375 20.400934219360351562 20.380876541137695312
21.163110733032226562 21.143053054809570312 21.122997283935546875 21.102939605712890625 21.082881927490234375 21.062824249267578125 21.042766571044921875 21.022710800170898438 21.002653121948242188 20.982595443725585938 20.962537765502929688 20.942480087280273438 20.92242431640625 20.90236663818359375 20.8823089599609375 20.86225128173828125 20.842193603515625 20.822137832641601562 20.802080154418945312 20.782022476196289062 20.761964797973632812 20.741907119750976562 20.721851348876953125 20.701793670654296875 20.681735992431640625 20.661678314208984375 20.641620635986328125 20.621564865112304688 20.601507186889648438 20.581449508666992188 20.561391830444335938 20.541334152221679688 20.521276473999023438 20.501220703125 20.48116302490234375 20.4611053466796875 20.44104766845703125 20.420989990234375 20.400934219360351562 20.380876541137695312
21.163110733032226562 21.143053054809570312 21.122997283935546875 21.102939605712890625 21.082881927490234375 21.062824249267578125 21.042766571044921875 21.022710800170898438 21.002653121948242188 20.982595443725585938 20.962537765502929688 20.942480087280273438 20.92242431640625 20.90236663818359375 20.8823089599609375 20.86225128173828125 20.842193603515625 20.822137832641601562 20.802080154418945312 20.782022476196289062 20.761964797973632812 20.741907119750976562 20.721851348876953125 20.701793670654296875 20.681735992431640625 20.661678314208984375 20.641620635986328125 20.621564865112304688 20.601507186889648438 20.581449508666992188 20.561391830444335938 20.541334152221679688 20.521276473999023438 20.501220703125 20.48116302490234375 20.4611053466796875 20.44104766845703125 20.420989990234375 20.400934219360351562 20.380876541137695312
21.163110733032226562 21.143053054809570312 21.122997283935546875 21.102939605712890625 21.082881927490234375 21.062824249267578125 21.042766571044921875 21.022710800170898438 21.002653121948242188 20.982595443725585938 20.962537765502929688 20.942480087280273438 20.92242431640625 20.90236663818359375 20.8823089599609375 20.86225128173828125 20.842193603515625 20.822137832641601562 20.802080154418945312 20.782022476196289062 20.761964797973632812 20.741907119750976562 20.721851348876953125 20.701793670654296875 20.681735992431640625 20.661678314208984375 20.641620635986328125 20.621564865112304688 20.601507186889648438 20.581449508666992188 20.561391830444335938 20.541334152221679688 20.521276473999023438 20.501220703125 20.48116302490234375 20.4611053466796875 20.44104766845703125 20.420989990234375 20.400934219360351562 20.380876541137695312
21.163110733032226562 21.143053054809570312 21.122997283935546875 21.102939605712890625 21.082881927490234375 21.062824249267578125 21.042766571044921875 21.022710800170898438 21.002653121948242188 20.982595443725585938 20.962537765502929688 20.942480087280273438 20.92242431640625 20.90236663818359375 20.8823089599609375 20.86225128173828125 20.842193603515625 20.822137832641601562 20.802080154418945312 20.782022476196289062 20.761964797973632812 20.741907119750976562 20.721851348876953125 20.701793670654296875 20.681735992431640625 20.661678314208984375 20.641620635986328125 20.621564865112304688 20.601507186889648438 20.581449508666992188 20.561391830444335938 20.541334152221679688 20.521276473999023438 20.501220703125 20.48116302490234375 20.4611053466796875 20.44104766845703125 20.420989990234375 20.400934219360351562 20.380876541137695312
21.163110733032226562 21.143053054809570312 21.122997283935546875 21.102939605712890625 21.082881927490234375 21.062824249267578125 21.042766571044921875 21.022710800170898438 21.002653121948242188 20.982595443725585938 20.962537765502929688 20.942480087280273438 20.92242431640625 20.90236663818359375 20.8823089599609375 20.86225128173828125 20.842193603515625 20.822137832641601562 20.802080154418945312 20.782022476196289062 20.761964797973632812 20.741907119750976562 20.721851348876953125 20.701793670654296875 20.681735992431640625 20.661678314208984375 20.641620635986328125 20.621564865112304688 20.601507186889648438 20.581449508666992188 20.561391830444335938 20.541334152221679688 20.521276473999023438 20.501220703125 20.48116302490234375 20.4611053466796875 20.44104766845703125 20.420989990234375 20.400934219360351562 20.380876541137695312
21.163110733032226562 21.143053054809570312 21.122997283935546875 21.102939605712890625 21.082881927490234375 21.062824249267578125 21.042766571044921875 21.022710800170898438 21.002653121948242188 20.982595443725585938 20.962537765502929688 20.942480087280273438 20.92242431640625 20.90236663818359375 20.8823089599609375 20.86225128173828125 20.842193603515625 20.822137832641601562 20.802080154418945312 20.782022476196289062 20.761964797973632812 20.741907119750976562 20.721851348876953125 20.701793670654296875 20.681735992431640625 20.661678314208984375 20.641620635986328125 20.621564865112304688 20.601507186889648438 20.581449508666992188 20.561391830444335938 20.541334152221679688 20.521276473999023438 20.501220703125 20.48116302490234375 20.4611053466796875 20.44104766845703125 20.420989990234375 20.400934219360351562 20.380876541137695312
21.163110733032226562 21.143053054809570312 21.122997283935546875 21.102939605712890625 21.082881927490234375 21.062824249267578125 21.042766571044921875 21.022710800170898438 21.002653121948242188 20.982595443725585938 20.962537765502929688 20.942480087280273438 20.92242431640625 20.90236663818359375 20.8823089599609375 20.86225128173828125 20.842193603515625 20.822137832641601562 20.802080154418945312 20.782022476196289062 20.761964797973632812 20.741907119750976562 20.721851348876953125 20.701793670654296875 20.681735992431640625 20.661678314208984375 20.641620635986328125 20.621564865112304688 20.601507186889648438 20.581449508666992188 20.561391830444335938 20.541334152221679688 20.521276473999023438 20.501220703125 20.48116302490234375 20.4611053466796875 20.44104766845703125 20.420989990234375 20.400934219360351562 20.380876541137695312
21.163110733032226562 21.143053054809570312 21.122997283935546875 21.102939605712890625 21.082881927490234375 21.062824249267578125 21.042766571044921875 21.022710800170898438 21.002653121948242188 20.982595443725585938 20.962537765502929688 20.942480087280273438 20.92242431640625 20.90236663818359375 20.8823089599609375 20.86225128173828125 20.842193603515625 20.822137832641601562 20.802080154418945312 20.782022476196289062 20.761964797973632812 20.741907119750976562 20.721851348876953125 20.701793670654296875 20.681735992431640625 20.661678314208984375 20.641620635986328125 20.621564865112304688 20.601507186889648438 20.581449508666992188 20.561391830444335938 20.541334152221679688 20.521276473999023438 20.501220703125 20.48116302490234375 20.4611053466796875 20.44104766845703125 20.420989990234375 20.400934219360351562 20.380876541137695312
21.163110733032226562 21.143053054809570312 21.122997283935546875 21.102939605712890625 21.082881927490234375 21.062824249267578125 21.042766571044921875 21.022710800170898438 21.002653121948242188 20.982595443725585938 20.962537765502929688 20.942480087280273438 20.92242431640625 20.90236663818359375 20.8823089599609375 20.86225128173828125 20.842193603515625 20.822137832641601562 20.802080154418945312 20.782022476196289062 20.761964797973632812 20.741907119750976562 20.721851348876953125 20.701793670654296875 20.681735992431640625 20.661678314208984375 20.641620635986328125 20.621564865112304688 20.601507186889648438 20.581449508666992188 20.561391830444335938 20.541334152221679688 20.521276473999023438 20.501220703125 20.48116302490234375 20.4611053466796875 20.44104766845703125 20.420989990234375 20.400934219360351562 20.380876541137695312
21.163110733032226562 21.143053054809570312 21.122997283935546875 21.102939605712890625 21.082881927490234375 21.062824249267578125 21.042766571044921875 21.022710800170898438 21.002653121948242188 20.982595443725585938 20.962537765502929688 20.942480087280273438 20.92242431640625 20.90236663818359375 20.8823089599609375 20.86225128173828125 20.842193603515625 20.822137832641601562 20.802080154418945312 20.782022476196289062 20.761964797973632812 20.741907119750976562 20.721851348876953125 20.701793670654296875 20.681735992431640625 20.661678314208984375 20.641620635986328125 20.621564865112304688 20.601507186889648438 20.581449508666992188 20.561391830444335938 20.541334152221679688 20.521276473999023438 20.501220703125 20.48116302490234375 20.4611053466796875 20.44104766845703125 20.420989990234375 20.400934219360351562 20.380876541137695312
21.163110733032226562 21.143053054809570312 21.122997283935546875 21.102939605712890625 21.082881927490234375 21.062824249267578125 21.042766571044921875 21.022710800170898438 21.002653121948242188 20.982595443725585938 20.962537765502929688 20.942480087280273438 20.92242431640625 20.90236663818359375 20.8823089599609375 20.86225128173828125 20.842193603515625 20.822137832641601562 20.802080154418945312 20.782022476196289062 20.761964797973632812 20.741907119750976562 20.721851348876953125 20.701793670654296875 20.681735992431640625 20.661678314208984375 20.641620635986328125 20.621564865112304688 20.601507186889648438 20.581449508666992188 20.561391830444335938 20.541334152221679688 20.521276473999023438 20.501220703125 20.48116302490234375 20.4611053466796875 20.44104766845703125 20.420989990234375 20.400934219360351562 20.380876541137695312
21.163110733032226562 21.143053054809570312 21.122997283935546875 21.102939605712890625 21.082881927490234375 21.062824249267578125 21.042766571044921875 21.022710800170898438 21.002653121948242188 20.982595443725585938 20.962537765502929688 20.942480087280273438 20.92242431640625 20.90236663818359375 20.8823089599609375 20.86225128173828125 20.842193603515625 20.822137832641601562 20.802080154418945312 20.782022476196289062 20.761964797973632812 20.741907119750976562 20.721851348876953125 20.701793670654296875 20.681735992431640625 20.661678314208984375 20.641620635986328125 20.621564865112304688 20.601507186889648438 20.581449508666992188 20.561391830444335938 20.541334152221679688 20.521276473999023438 20.501220703125 20.48116302490234375 20.4611053466796875 20.44104766845703125 20.420989990234375 20.400934219360351562 20.380876541137695312
21.163110733032226562 21.143053054809570312 21.122997283935546875 21.102939605712890625 21.082881927490234375 21.062824249267578125 21.042766571044921875 21.022710800170898438 21.002653121948242188 20.982595443725585938 20.962537765502929688 20.942480087280273438 20.92242431640625 20.90236663818359375 20.8823089599609375 20.86225128173828125 20.842193603515625 20.822137832641601562 20.802080154418945312 20.782022476196289062 20.761964797973632812 20.741907119750976562 20.721851348876953125 20.701793670654296875 20.681735992431640625 20.661678314208984375 20.641620635986328125 20.621564865112304688 20.601507186889648438 20.581449508666992188 20.561391830444335938 20.541334152221679688 20.521276473999023438 20.501220703125 20.48116302490234375 20.4611053466796875 20.44104766845703125 20.420989990234375 20.400934219360351562 20.380876541137695312
21.163110733032226562 21.143053054809570312 21.122997283935546875 21.102939605712890625 21.082881927490234375 21.062824249267578125 21.042766571044921875 21.022710800170898438 21.002653121948242188 20.982595443725585938 20.962537765502929688 20.942480087280273438 20.92242431640625 20.90236663818359375 20.8823089599609375 20.86225128173828125 20.842193603515625 20.822137832641601562 20.802080154418945312 20.782022476196289062 20.761964797973632812 20.741907119750976562 20.721851348876953125 20.701793670654296875 20.681735992431640625 20.661678314208984375 20.641620635986328125 20.621564865112304688 20.601507186889648438 20.581449508666992188 20.561391830444335938 20.541334152221679688 20.521276473999023438 20.501220703125 20.48116302490234375 20.4611053466796875 20.44104766845703125 20.420989990234375 20.400934219360351562 20.380876541137695312
21.163110733032226562 21.143053054809570312 21.122997283935546875 21.102939605712890625 21.082881927490234375 21.062824249267578125 21.042766571044921875 21.022710800170898438 21.002653121948242188 20.982595443725585938 20.962537765502929688 20.942480087280273438 20.92242431640625 20.90236663818359375 20.8823089599609375 20.86225128173828125 20.842193603515625 20.822137832641601562 20.802080154418945312 20.782022476196289062 20.761964797973632812 20.741907119750976562 20.721851348876953125 20.701793670654296875 20.681735992431640625 20.661678314208984375 20.641620635986328125 20.621564865112304688 20.601507186889648438 20.581449508666992188 20.561391830444335938 20.541334152221679688 20.521276473999023438 20.501220703125 20.48116302490234375 20.4611053466796875 20.44104766845703125 20.420989990234375 20.400934219360351562 20.380876541137695312
