in/test_suite/Wilf/Scen013/cape.asc
ncols        350
nrows        499
xllcorner    0.000000000000
yllcorner    -499.000000000000
cellsize     1.000000000000
NODATA_value -9999
[rows 342 to 359 of 499, columns 40 to 79 of 350]
20.360818862915039062 20.340761184692382812 20.320703506469726562 20.300647735595703125 20.280590057373046875 20.260532379150390625 20.240474700927734375 20.220417022705078125 20.200361251831054688 20.180303573608398438 20.160245895385742188 20.140188217163085938 20.120130538940429688 20.10007476806640625 20.08001708984375 20.05995941162109375 20.0399017333984375 20.01984405517578125 19.999788284301757812 19.979730606079101562 19.959672927856445312 19.939615249633789062 19.919557571411132812 19.899501800537109375 19.879444122314453125 19.859386444091796875 19.839328765869140625 19.819271087646484375 19.799213409423828125 19.779157638549804688 19.759099960327148438 19.739042282104492188 19.718984603881835938 19.698926925659179688 19.67887115478515625 19.6588134765625 19.63875579833984375 19.6186981201171875 19.59864044189453125 19.578584671020507812
20.360818862915039062 20.340761184692382812 20.320703506469726562 20.300647735595703125 20.280590057373046875 20.260532379150390625 20.240474700927734375 20.220417022705078125 20.200361251831054688 20.180303573608398438 20.160245895385742188 20.140188217163085938 20.120130538940429688 20.10007476806640625 20.08001708984375 20.05995941162109375 20.0399017333984375 20.01984405517578125 19.999788284301757812 19.979730606079101562 19.959672927856445312 19.939615249633789062 19.919557571411132812 19.899501800537109375 19.879444122314453125 19.859386444091796875 19.839328765869140625 19.819271087646484375 19.799213409423828125 19.779157638549804688 19.759099960327148438 19.739042282104492188 19.718984603881835938 19.698926925659179688 19.67887115478515625 19.6588134765625 19.63875579833984375 19.6186981201171875 19.59864044189453125 19.578584671020507812
20.360818862915039062 20.340761184692382812 20.320703506469726562 20.300647735595703125 20.280590057373046875 20.260532379150390625 20.240474700927734375 20.220417022705078125 20.200361251831054688 20.180303573608398438 20.160245895385742188 20.140188217163085938 20.120130538940429688 20.10007476806640625 20.08001708984375 20.05995941162109375 20.0399017333984375 20.01984405517578125 19.999788284301757812 19.979730606079101562 19.959672927856445312 19.939615249633789062 19.919557571411132812 19.899501800537109375 19.879444122314453125 19.859386444091796875 19.839328765869140625 19.819271087646484375 19.799213409423828125 19.779157638549804688 19.759099960327148438 19.739042282104492188 19.718984603881835938 19.698926925659179688 19.67887115478515625 19.6588134765625 19.63875579833984375 19.6186981201171875 19.59864044189453125 19.578584671020507812
20.360818862915039062 20.340761184692382812 20.320703506469726562 20.300647735595703125 20.280590057373046875 20.260532379150390625 20.240474700927734375 20.220417022705078125 20.200361251831054688 20.180303573608398438 20.160245895385742188 20.140188217163085938 20.120130538940429688 20.10007476806640625 20.08001708984375 20.05995941162109375 20.0399017333984375 20.01984405517578125 19.999788284301757812 19.979730606079101562 19.959672927856445312 19.939615249633789062 19.919557571411132812 19.899501800537109375 19.879444122314453125 19.859386444091796875 19.839328765869140625 19.819271087646484375 19.799213409423828125 19.779157638549804688 19.759099960327148438 19.739042282104492188 19.718984603881835938 19.698926925659179688 19.67887115478515625 19.6588134765625 19.63875579833984375 19.6186981201171875 19.59864044189453125 19.578584671020507812
20.360818862915039062 20.340761184692382812 20.320703506469726562 20.300647735595703125 20.280590057373046875 20.260532379150390625 20.240474700927734375 20.220417022705078125 20.200361251831054688 20.180303573608398438 20.160245895385742188 20.140188217163085938 20.120130538940429688 20.10007476806640625 20.08001708984375 20.05995941162109375 20.0399017333984375 20.01984405517578125 19.999788284301757812 19.979730606079101562 19.959672927856445312 19.939615249633789062 19.919557571411132812 19.899501800537109375 19.879444122314453125 19.859386444091796875 19.839328765869140625 19.819271087646484375 19.799213409423828125 19.779157638549804688 19.759099960327148438 19.739042282104492188 19.718984603881835938 19.698926925659179688 19.67887115478515625 19.6588134765625 19.63875579833984375 19.6186981201171875 19.59864044189453125 19.578584671020507812
20.360818862915039062 20.340761184692382812 20.320703506469726562 20.300647735595703125 20.280590057373046875 20.260532379150390625 20.240474700927734375 20.220417022705078125 20.200361251831054688 20.180303573608398438 20.160245895385742188 20.140188217163085938 20.120130538940429688 20.10007476806640625 20.08001708984375 20.05995941162109375 20.0399017333984375 20.01984405517578125 19.999788284301757812 19.979730606079101562 19.959672927856445312 19.939615249633789062 19.919557571411132812 19.899501800537109375 19.879444122314453125 19.859386444091796875 19.839328765869140625 19.819271087646484375 19.799213409423828125 19.779157638549804688 19.759099960327148438 19.739042282104492188 19.718984603881835938 19.698926925659179688 19.67887115478515625 19.6588134765625 19.63875579833984375 19.6186981201171875 19.59864044189453125 19.578584671020507812
20.360818862915039062 20.340761184692382812 20.320703506469726562 20.300647735595703125 20.280590057373046875 20.260532379150390625 20.240474700927734375 20.220417022705078125 20.200361251831054688 20.180303573608398438 20.160245895385742188 20.140188217163085938 20.120130538940429688 20.10007476806640625 20.08001708984375 20.05995941162109375 20.0399017333984375 20.01984405517578125 19.999788284301757812 19.979730606079101562 19.959672927856445312 19.939615249633789062 19.919557571411132812 19.899501800537109375 19.879444122314453125 19.859386444091796875 19.839328765869140625 19.819271087646484375 19.799213409423828125 19.779157638549804688 19.759099960327148438 19.739042282104492188 19.718984603881835938 19.698926925659179688 19.67887115478515625 19.6588134765625 19.63875579833984375 19.6186981201171875 19.59864044189453125 19.578584671020507812
20.360818862915039062 20.340761184692382812 20.320703506469726562 20.300647735595703125 20.280590057373046875 20.260532379150390625 20.240474700927734375 20.220417022705078125 20.200361251831054688 20.180303573608398438 20.160245895385742188 20.140188217163085938 20.120130538940429688 20.10007476806640625 20.08001708984375 20.05995941162109375 20.0399017333984375 20.01984405517578125 19.999788284301757812 19.979730606079101562 19.959672927856445312 19.939615249633789062 19.919557571411132812 19.899501800537109375 19.879444122314453125 19.859386444091796875 19.839328765869140625 19.819271087646484375 19.799213409423828125 19.779157638549804688 19.759099960327148438 19.739042282104492188 19.718984603881835938 19.698926925659179688 19.67887115478515625 19.6588134765625 19.63875579833984375 19.6186981201171875 19.59864044189453125 19.578584671020507812
20.360818862915039062 20.340761184692382812 20.320703506469726562 20.300647735595703125 20.280590057373046875 20.260532379150390625 20.240474700927734375 20.220417022705078125 20.200361251831054688 20.180303573608398438 20.160245895385742188 20.140188217163085938 20.120130538940429688 20.10007476806640625 20.08001708984375 20.05995941162109375 20.0399017333984375 20.01984405517578125 19.999788284301757812 19.979730606079101562 19.959672927856445312 19.939615249633789062 19.919557571411132812 19.899501800537109375 19.879444122314453125 19.859386444091796875 19.839328765869140625 19.819271087646484375 19.799213409423828125 19.779157638549804688 19.759099960327148438 19.739042282104492188 19.718984603881835938 19.698926925659179688 19.67887115478515625 19.6588134765625 19.63875579833984375 19.6186981201171875 19.59864044189453125 19.578584671020507812
20.360818862915039062 20.340761184692382812 20.320703506469726562 20.300647735595703125 20.280590057373046875 20.260532379150390625 20.240474700927734375 20.220417022705078125 20.200361251831054688 20.180303573608398438 20.160245895385742188 20.140188217163085938 20.120130538940429688 20.10007476806640625 20.08001708984375 20.05995941162109375 20.0399017333984375 20.01984405517578125 19.999788284301757812 19.979730606079101562 19.959672927856445312 19.939615249633789062 19.919557571411132812 19.899501800537109375 19.879444122314453125 19.859386444091796875 19.839328765869140625 19.819271087646484375 19.799213409423828125 19.779157638549804688 19.759099960327148438 19.739042282104492188 19.718984603881835938 19.698926925659179688 19.67887115478515625 19.6588134765625 19.63875579833984375 19.6186981201171875 19.59864044189453125 19.578584671020507812
20.360818862915039062 20.340761184692382812 20.320703506469726562 20.300647735595703125 20.280590057373046875 20.260532379150390625 20.240474700927734375 20.220417022705078125 20.200361251831054688 20.180303573608398438 20.160245895385742188 20.140188217163085938 20.120130538940429688 20.10007476806640625 20.08001708984375 20.05995941162109375 20.0399017333984375 20.01984405517578125 19.999788284301757812 19.979730606079101562 19.959672927856445312 19.939615249633789062 19.919557571411132812 19.899501800537109375 19.879444122314453125 19.859386444091796875 19.839328765869140625 19.819271087646484375 19.799213409423828125 19.779157638549804688 19.759099960327148438 19.739042282104492188 19.718984603881835938 19.698926925659179688 19.67887115478515625 19.6588134765625 19.63875579833984375 19.6186981201171875 19.59864044189453125 19.578584671020507812
20.360818862915039062 20.340761184692382812 20.320703506469726562 20.300647735595703125 20.280590057373046875 20.260532379150390625 20.240474700927734375 20.220417022705078125 20.200361251831054688 20.180303573608398438 20.160245895385742188 20.140188217163085938 20.120130538940429688 20.10007476806640625 20.08001708984375 20.05995941162109375 20.0399017333984375 20.01984405517578125 19.999788284301757812 19.979730606079101562 19.959672927856445312 19.939615249633789062 19.919557571411132812 19.899501800537109375 19.879444122314453125 19.859386444091796875 19.839328765869140625 19.819271087646484375 19.799213409423828125 19.779157638549804688 19.759099960327148438 19.739042282104492188 19.718984603881835938 19.698926925659179688 19.67887115478515625 19.6588134765625 19.63875579833984375 19.6186981201171875 19.59864044189453125 19.578584671020507812
20.360818862915039062 20.340761184692382812 20.320703506469726562 20.300647735595703125 20.280590057373046875 20.260532379150390625 20.240474700927734375 20.220417022705078125 20.200361251831054688 20.180303573608398438 20.160245895385742188 20.140188217163085938 20.120130538940429688 20.10007476806640625 20.08001708984375 20.05995941162109375 20.0399017333984375 20.01984405517578125 19.999788284301757812 19.979730606079101562 19.959672927856445312 19.939615249633789062 19.919557571411132812 19.899501800537109375 19.879444122314453125 19.859386444091796875 19.839328765869140625 19.819271087646484375 19.799213409423828125 19.779157638549804688 19.759099960327148438 19.739042282104492188 19.718984603881835938 19.698926925659179688 19.67887115478515625 19.6588134765625 19.63875579833984375 19.6186981201171875 19.59864044189453125 19.578584671020507812
20.360818862915039062 20.340761184692382812 20.320703506469726562 20.300647735595703125 20.280590057373046875 20.260532379150390625 20.240474700927734375 20.220417022705078125 20.200361251831054688 20.180303573608398438 20.160245895385742188 20.140188217163085938 20.120130538940429688 20.10007476806640625 20.08001708984375 20.05995941162109375 20.0399017333984375 20.01984405517578125 19.999788284301757812 19.979730606079101562 19.959672927856445312 19.939615249633789062 19.919557571411132812 19.899501800537109375 19.879444122314453125 19.859386444091796875 19.839328765869140625 19.819271087646484375 19.799213409423828125 19.779157638549804688 19.759099960327148438 19.739042282104492188 19.718984603881835938 19.698926925659179688 19.67887115478515625 19.6588134765625 19.63875579833984375 19.6186981201171875 19.59864044189453125 19.578584671020507812
20.360818862915039062 20.340761184692382812 20.320703506469726562 20.300647735595703125 20.280590057373046875 20.260532379150390625 20.240474700927734375 20.220417022705078125 20.200361251831054688 20.180303573608398438 20.160245895385742188 20.140188217163085938 20.120130538940429688 20.10007476806640625 20.08001708984375 20.05995941162109375 20.0399017333984375 20.01984405517578125 19.999788284301757812 19.979730606079101562 19.959672927856445312 19.939615249633789062 19.919557571411132812 19.899501800537109375 19.879444122314453125 19.859386444091796875 19.839328765869140625 19.819271087646484375 19.799213409423828125 19.779157638549804688 19.759099960327148438 19.739042282104492188 19.718984603881835938 19.698926925659179688 19.67887115478515625 19.6588134765625 19.63875579833984375 19.6186981201171875 19.59864044189453125 19.578584671020507812
20.360818862915039062 20.340761184692382812 20.320703506469726562 20.300647735595703125 20.280590057373046875 20.260532379150390625 20.240474700927734375 20.220417022705078125 20.200361251831054688 20.180303573608398438 20.160245895385742188 20.140188217163085938 20.120130538940429688 20.10007476806640625 20.08001708984375 20.05995941162109375 20.0399017333984375 20.01984405517578125 19.999788284301757812 19.979730606079101562 19.959672927856445312 19.939615249633789062 19.919557571411132812 19.899501800537109375 19.879444122314453125 19.859386444091796875 19.839328765869140625 19.819271087646484375 19.799213409423828125 19.779157638549804688 19.759099960327148438 19.739042282104492188 19.718984603881835938 19.698926925659179688 19.67887115478515625 19.6588134765625 19.63875579833984375 19.6186981201171875 19.59864044189453125 19.578584671020507812
20.360818862915039062 20.340761184692382812 20.320703506469726562 20.300647735595703125 20.280590057373046875 20.260532379150390625 20.240474700927734375 20.220417022705078125 20.200361251831054688 20.180303573608398438 20.160245895385742188 20.140188217163085938 20.120130538940429688 20.10007476806640625 20.08001708984375 20.05995941162109375 20.0399017333984375 20.01984405517578125 19.999788284301757812 19.979730606079101562 19.959672927856445312 19.939615249633789062 19.919557571411132812 19.899501800537109375 19.879444122314453125 19.859386444091796875 19.839328765869140625 19.819271087646484375 19.799213409423828125 19.779157638549804688 19.759099960327148438 19.739042282104492188 19.718984603881835938 19.698926925659179688 19.67887115478515625 19.6588134765625 19.63875579833984375 19.6186981201171875 19.59864044189453125 19.578584671020507812
20.360818862915039062 20.340761184692382812 20.320703506469726562 20.300647735595703125 20.280590057373046875 20.260532379150390625 20.240474700927734375 20.220417022705078125 20.200361251831054688 20.180303573608398438 20.160245895385742188 20.140188217163085938 20.120130538940429688 20.10007476806640625 20.08001708984375 20.05995941162109375 20.0399017333984375 20.01984405517578125 19.999788284301757812 19.979730606079101562 19.959672927856445312 19.939615249633789062 19.919557571411132812 19.899501800537109375 19.879444122314453125 19.859386444091796875 19.839328765869140625 19.819271087646484375 19.799213409423828125 19.779157638549804688 19.759099960327148438 19.739042282104492188 19.718984603881835938 19.698926925659179688 19.67887115478515625 19.6588134765625 19.63875579833984375 19.6186981201171875 19.59864044189453125 19.578584671020507812
