in/test_suite/Wilf/Scen014/gb.asc
ncols        350
nrows        500
xllcorner    0.000000000000
yllcorner    -500.000000000000
cellsize     1.000000000000
NODATA_value -9999
[rows 234 to 251 of 500, columns 120 to 159 of 350]
18.789974212646484375 19.036333084106445312 19.282693862915039062 19.529052734375 19.775411605834960938 19.948225021362304688 19.948225021362304688 19.948225021362304688 19.948225021362304688 19.948225021362304688 19.948225021362304688 19.948225021362304688 19.948225021362304688 19.948225021362304688 19.948225021362304688 19.948225021362304688 19.948225021362304688 19.948225021362304688 19.948225021362304688 19.948225021362304688 19.624357223510742188 19.2934112548828125 18.962467193603515625 18.631521224975585938 18.30057525634765625 17.969629287719726562 17.638683319091796875 17.3077392578125 16.976793289184570312 16.645847320556640625 16.314901351928710938 16.130289077758789062 16.048826217651367188 15.967366218566894531 15.885905265808105469 15.804444313049316406 15.722982406616210938 15.641521453857421875 15.560060501098632812 15.47859954833984375
18.789974212646484375 19.036333084106445312 19.282693862915039062 19.529052734375 19.775411605834960938 19.948225021362304688 19.948225021362304688 19.948225021362304688 19.948225021362304688 19.948225021362304688 19.948225021362304688 19.948225021362304688 19.948225021362304688 19.948225021362304688 19.948225021362304688 19.948225021362304688 19.948225021362304688 19.948225021362304688 19.948225021362304688 19.948225021362304688 19.624357223510742188 19.2934112548828125 18.962467193603515625 18.631521224975585938 18.30057525634765625 17.969629287719726562 17.638683319091796875 17.3077392578125 16.976793289184570312 16.645847320556640625 16.314901351928710938 16.130289077758789062 16.048826217651367188 15.967366218566894531 15.885905265808105469 15.804444313049316406 15.722982406616210938 15.641521453857421875 15.560060501098632812 15.47859954833984375
18.789974212646484375 19.036333084106445312 19.282693862915039062 19.529052734375 19.775411605834960938 19.948225021362304688 19.948225021362304688 19.948225021362304688 19.948225021362304688 19.948225021362304688 19.948225021362304688 19.948225021362304688 19.948225021362304688 19.948225021362304688 19.948225021362304688 19.948225021362304688 19.948225021362304688 19.948225021362304688 19.948225021362304688 19.948225021362304688 19.624357223510742188 19.2934112548828125 18.962467193603515625 18.631521224975585938 18.30057525634765625 17.969629287719726562 17.638683319091796875 17.3077392578125 16.976793289184570312 16.645847320556640625 16.314901351928710938 16.130289077758789062 16.048826217651367188 15.967366218566894531 15.885905265808105469 15.804444313049316406 15.722982406616210938 15.641521453857421875 15.560060501098632812 15.47859954833984375
18.789974212646484375 19.036333084106445312 19.282693862915039062 19.529052734375 19.775411605834960938 19.948225021362304688 19.948225021362304688 19.948225021362304688 19.948225021362304688 19.948225021362304688 19.948225021362304688 19.948225021362304688 19.948225021362304688 19.948225021362304688 19.948225021362304688 19.948225021362304688 19.948225021362304688 19.948225021362304688 19.948225021362304688 19.948225021362304688 19.624357223510742188 19.2934112548828125 18.962467193603515625 18.631521224975585938 18.30057525634765625 17.969629287719726562 17.638683319091796875 17.3077392578125 16.976793289184570312 16.645847320556640625 16.314901351928710938 16.130289077758789062 16.048826217651367188 15.967366218566894531 15.885905265808105469 15.804443359375 15.722982406616210938 15.641521453857421875 15.560060501098632812 15.47859954833984375
18.789974212646484375 19.036333084106445312 19.282693862915039062 19.529052734375 19.775411605834960938 19.948225021362304688 19.948225021362304688 19.948225021362304688 19.948225021362304688 19.948225021362304688 19.948225021362304688 19.948225021362304688 19.948225021362304688 19.948225021362304688 19.948225021362304688 19.948225021362304688 19.948225021362304688 19.948225021362304688 19.948225021362304688 19.948225021362304688 19.624357223510742188 19.2934112548828125 18.962467193603515625 18.631521224975585938 18.30057525634765625 17.969629287719726562 17.638683319091796875 17.3077392578125 16.976793289184570312 16.645847320556640625 16.314901351928710938 16.130289077758789062 16.048826217651367188 15.967366218566894531 15.885904312133789062 15.804443359375 15.722982406616210938 15.641521453857421875 15.560060501098632812 15.478598594665527344
18.789974212646484375 19.036333084106445312 19.282693862915039062 19.529052734375 19.775411605834960938 19.948225021362304688 19.948225021362304688 19.948225021362304688 19.948225021362304688 19.948225021362304688 19.948225021362304688 19.948225021362304688 19.948225021362304688 19.948225021362304688 19.948225021362304688 19.948225021362304688 19.948225021362304688 19.948225021362304688 19.948225021362304688 19.948225021362304688 19.624357223510742188 19.2934112548828125 18.962467193603515625 18.631521224975585938 18.30057525634765625 17.969629287719726562 17.638683319091796875 17.3077392578125 16.976793289184570312 16.645847320556640625 16.314901351928710938 16.130289077758789062 16.048826217651367188 15.967366218566894531 15.885904312133789062 15.804443359375 15.722982406616210938 15.641521453857421875 15.560060501098632812 15.478598594665527344
18.789974212646484375 19.036333084106445312 19.282693862915039062 19.529052734375 19.775411605834960938 19.948225021362304688 19.948225021362304688 19.948225021362304688 19.948225021362304688 19.948225021362304688 19.948225021362304688 19.948225021362304688 19.948225021362304688 19.948225021362304688 19.948225021362304688 19.948225021362304688 19.948225021362304688 19.948225021362304688 19.948225021362304688 19.948225021362304688 19.624357223510742188 19.2934112548828125 18.962467193603515625 18.631521224975585938 18.30057525634765625 17.969629287719726562 17.638683319091796875 17.3077392578125 16.976793289184570312 16.645847320556640625 16.314901351928710938 16.130289077758789062 16.048826217651367188 15.967365264892578125 15.885904312133789062 15.804443359375 15.722982406616210938 15.641520500183105469 15.560059547424316406 15.478598594665527344
18.789974212646484375 19.036333084106445312 19.282693862915039062 19.529052734375 19.775411605834960938 19.948225021362304688 19.948225021362304688 19.948225021362304688 19.948225021362304688 19.948225021362304688 19.948225021362304688 19.948225021362304688 19.948225021362304688 19.948225021362304688 19.948225021362304688 19.948225021362304688 19.948225021362304688 19.948225021362304688 19.948225021362304688 19.948225021362304688 19.624357223510742188 19.2934112548828125 18.962467193603515625 18.631521224975585938 18.30057525634765625 17.969629287719726562 17.638683319091796875 17.3077392578125 16.976793289184570312 16.645847320556640625 16.314901351928710938 16.130289077758789062 16.048826217651367188 15.967365264892578125 15.885904312133789062 15.804443359375 15.722982406616210938 15.641520500183105469 15.560059547424316406 15.478598594665527344
18.789974212646484375 19.036333084106445312 19.282693862915039062 19.529052734375 19.775411605834960938 19.948225021362304688 19.948225021362304688 19.948225021362304688 19.948225021362304688 19.948225021362304688 19.948225021362304688 19.948225021362304688 19.948225021362304688 19.948225021362304688 19.948225021362304688 19.948225021362304688 19.948225021362304688 19.948225021362304688 19.948225021362304688 19.948225021362304688 19.624357223510742188 19.2934112548828125 18.962467193603515625 18.631521224975585938 18.30057525634765625 17.969629287719726562 17.638683319091796875 17.3077392578125 16.976793289184570312 16.645847320556640625 16.314901351928710938 16.130289077758789062 16.048826217651367188 15.967365264892578125 15.885904312133789062 15.804443359375 15.722982406616210938 15.641520500183105469 15.560059547424316406 15.478598594665527344
18.789974212646484375 19.036333084106445312 19.282693862915039062 19.529052734375 19.775411605834960938 19.948225021362304688 19.948225021362304688 19.948225021362304688 19.948225021362304688 19.948225021362304688 19.948225021362304688 19.948225021362304688 19.948225021362304688 19.948225021362304688 19.948225021362304688 19.948225021362304688 19.948225021362304688 19.948225021362304688 19.948225021362304688 19.948225021362304688 19.624357223510742188 19.2934112548828125 18.962467193603515625 18.631521224975585938 18.30057525634765625 17.969629287719726562 17.638683319091796875 17.3077392578125 16.976793289184570312 16.645847320556640625 16.314901351928710938 16.130289077758789062 16.048826217651367188 15.967365264892578125 15.885904312133789062 15.804443359375 15.722982406616210938 15.641520500183105469 15.560059547424316406 15.478598594665527344
18.789974212646484375 19.036333084106445312 19.282693862915039062 19.529052734375 19.775411605834960938 19.948225021362304688 19.948225021362304688 19.948225021362304688 19.948225021362304688 19.948225021362304688 19.948225021362304688 19.948225021362304688 19.948225021362304688 19.948225021362304688 19.948225021362304688 19.948225021362304688 19.948225021362304688 19.948225021362304688 19.948225021362304688 19.948225021362304688 19.624357223510742188 19.2934112548828125 18.962467193603515625 18.631521224975585938 18.30057525634765625 17.969629287719726562 17.638683319091796875 17.3077392578125 16.976793289184570312 16.645847320556640625 16.314901351928710938 16.130289077758789062 16.048826217651367188 15.967365264892578125 15.885904312133789062 15.804443359375 15.722982406616210938 15.641520500183105469 15.560059547424316406 15.478598594665527344
18.789974212646484375 19.036333084106445312 19.282693862915039062 19.529052734375 19.775411605834960938 19.948225021362304688 19.948225021362304688 19.948225021362304688 19.948225021362304688 19.948225021362304688 19.948225021362304688 19.948225021362304688 19.948225021362304688 19.948225021362304688 19.948225021362304688 19.948225021362304688 19.948225021362304688 19.948225021362304688 19.948225021362304688 19.948225021362304688 19.624357223510742188 19.2934112548828125 18.962467193603515625 18.631521224975585938 18.30057525634765625 17.969629287719726562 17.638683319091796875 17.3077392578125 16.976793289184570312 16.645847320556640625 16.314901351928710938 16.130289077758789062 16.048826217651367188 15.967365264892578125 15.885904312133789062 15.804443359375 15.722981452941894531 15.641520500183105469 15.560059547424316406 15.478597640991210938
18.789974212646484375 19.036333084106445312 19.282693862915039062 19.529052734375 19.775411605834960938 19.948225021362304688 19.948225021362304688 19.948225021362304688 19.948225021362304688 19.948225021362304688 19.948225021362304688 19.948225021362304688 19.948225021362304688 19.948225021362304688 19.948225021362304688 19.948225021362304688 19.948225021362304688 19.948225021362304688 19.948225021362304688 19.948225021362304688 19.624357223510742188 19.2934112548828125 18.962467193603515625 18.631521224975585938 18.30057525634765625 17.969629287719726562 17.638683319091796875 17.3077392578125 16.976793289184570312 16.645847320556640625 16.314901351928710938 16.130289077758789062 16.048826217651367188 15.967365264892578125 15.885904312133789062 15.804443359375 15.722981452941894531 15.641520500183105469 15.560059547424316406 15.478597640991210938
18.789974212646484375 19.036333084106445312 19.282693862915039062 19.529052734375 19.775411605834960938 19.948225021362304688 19.948225021362304688 19.948225021362304688 19.948225021362304688 19.948225021362304688 19.948225021362304688 19.948225021362304688 19.948225021362304688 19.948225021362304688 19.948225021362304688 19.948225021362304688 19.948225021362304688 19.948225021362304688 19.948225021362304688 19.948225021362304688 19.624357223510742188 19.2934112548828125 18.962467193603515625 18.631521224975585938 18.30057525634765625 17.969629287719726562 17.638683319091796875 17.3077392578125 16.976793289184570312 16.645847320556640625 16.314901351928710938 16.130289077758789062 16.048826217651367188 15.967365264892578125 15.885904312133789062 15.804442405700683594 15.722981452941894531 15.641520500183105469 15.56005859375 15.478597640991210938
18.789974212646484375 19.036333084106445312 19.282693862915039062 19.529052734375 19.775411605834960938 19.948225021362304688 19.948225021362304688 19.948225021362304688 19.948225021362304688 19.948225021362304688 19.948225021362304688 19.948225021362304688 19.948225021362304688 19.948225021362304688 19.948225021362304688 19.948225021362304688 19.948225021362304688 19.948225021362304688 19.948225021362304688 19.948225021362304688 19.624357223510742188 19.2934112548828125 18.962467193603515625 18.631521224975585938 18.30057525634765625 17.969629287719726562 17.638683319091796875 17.3077392578125 16.976793289184570312 16.645847320556640625 16.314901351928710938 16.13028717041015625 16.048826217651367188 15.967365264892578125 15.885904312133789062 15.804442405700683594 15.722981452941894531 15.641519546508789062 15.56005859375 15.478596687316894531
18.789974212646484375 19.036333084106445312 19.282693862915039062 19.529052734375 19.775411605834960938 19.948225021362304688 19.948225021362304688 19.948225021362304688 19.948225021362304688 19.948225021362304688 19.948225021362304688 19.948225021362304688 19.948225021362304688 19.948225021362304688 19.948225021362304688 19.948225021362304688 19.948225021362304688 19.948225021362304688 19.948225021362304688 19.948225021362304688 19.624357223510742188 19.2934112548828125 18.962467193603515625 18.631521224975585938 18.30057525634765625 17.969629287719726562 17.638683319091796875 17.3077392578125 16.976793289184570312 16.645847320556640625 16.314901351928710938 16.13028717041015625 16.048826217651367188 15.967365264892578125 15.885904312133789062 15.804442405700683594 15.722981452941894531 15.641519546508789062 15.56005859375 15.478596687316894531
18.789974212646484375 19.036333084106445312 19.282693862915039062 19.529052734375 19.775411605834960938 19.948225021362304688 19.948225021362304688 19.948225021362304688 19.948225021362304688 19.948225021362304688 19.948225021362304688 19.948225021362304688 19.948225021362304688 19.948225021362304688 19.948225021362304688 19.948225021362304688 19.948225021362304688 19.948225021362304688 19.948225021362304688 19.948225021362304688 19.624357223510742188 19.2934112548828125 18.962467193603515625 18.631521224975585938 18.30057525634765625 17.969629287719726562 17.638683319091796875 17.3077392578125 16.976793289184570312 16.645847320556640625 16.314901351928710938 16.13028717041015625 16.048826217651367188 15.967365264892578125 15.885904312133789062 15.804442405700683594 15.722981452941894531 15.641519546508789062 15.56005859375 15.478596687316894531
18.789974212646484375 19.036333084106445312 19.282693862915039062 19.529052734375 19.775411605834960938 19.948225021362304688 19.948225021362304688 19.948225021362304688 19.948225021362304688 19.948225021362304688 19.948225021362304688 19.948225021362304688 19.948225021362304688 19.948225021362304688 19.948225021362304688 19.948225021362304688 19.948225021362304688 19.948225021362304688 19.948225021362304688 19.948225021362304688 19.624357223510742188 19.2934112548828125 18.962467193603515625 18.631521224975585938 18.30057525634765625 17.969629287719726562 17.638683319091796875 17.3077392578125 16.976793289184570312 16.645847320556640625 16.314901351928710938 16.13028717041015625 16.048826217651367188 15.967365264892578125 15.885904312133789062 15.804442405700683594 15.722981452941894531 15.641519546508789062 15.56005859375 15.478596687316894531
