in/test_suite/Wilf/Scen014/gb.asc
ncols        350
nrows        500
xllcorner    0.000000000000
yllcorner    -500.000000000000
cellsize     1.000000000000
NODATA_value -9999
[rows 54 to 71 of 500, columns 160 to 199 of 350]
15.3971710205078125 15.315712928771972656 15.234255790710449219 15.152797698974609375 15.071339607238769531 14.989882469177246094 14.90842437744140625 14.826967239379882812 14.745509147644042969 14.664051055908203125 14.582593917846679688 14.501135826110839844 14.419678688049316406 14.338220596313476562 14.256762504577636719 14.175305366516113281 14.093847274780273438 14.012389183044433594 13.930932044982910156 13.849473953247070312 13.768016815185546875 13.686558723449707031 13.605100631713867188 13.52364349365234375 13.442185401916503906 13.360728263854980469 13.279270172119140625 13.197812080383300781 13.116354942321777344 13.0348968505859375 12.953439712524414062 12.871981620788574219 12.790523529052734375 12.709066390991210938 12.627608299255371094 12.546151161193847656 12.464693069458007812 12.383234977722167969 12.301777839660644531 12.220319747924804688
15.3971710205078125 15.315712928771972656 15.234255790710449219 15.152797698974609375 15.071339607238769531 14.989882469177246094 14.90842437744140625 14.826967239379882812 14.745509147644042969 14.664051055908203125 14.582593917846679688 14.501135826110839844 14.419678688049316406 14.338220596313476562 14.256762504577636719 14.175305366516113281 14.093847274780273438 14.012389183044433594 13.930932044982910156 13.849473953247070312 13.768016815185546875 13.686558723449707031 13.605100631713867188 13.52364349365234375 13.442185401916503906 13.360728263854980469 13.279270172119140625 13.197812080383300781 13.116354942321777344 13.0348968505859375 12.953439712524414062 12.871981620788574219 12.790523529052734375 12.709066390991210938 12.627608299255371094 12.546151161193847656 12.464693069458007812 12.383234977722167969 12.301777839660644531 12.220319747924804688
15.3971710205078125 15.315712928771972656 15.234255790710449219 15.152797698974609375 15.071339607238769531 14.989882469177246094 14.90842437744140625 14.826967239379882812 14.745509147644042969 14.664051055908203125 14.582593917846679688 14.501135826110839844 14.419678688049316406 14.338220596313476562 14.256762504577636719 14.175305366516113281 14.093847274780273438 14.012389183044433594 13.930932044982910156 13.849473953247070312 13.768016815185546875 13.686558723449707031 13.605100631713867188 13.52364349365234375 13.442185401916503906 13.360728263854980469 13.279270172119140625 13.197812080383300781 13.116354942321777344 13.0348968505859375 12.953439712524414062 12.871981620788574219 12.790523529052734375 12.709066390991210938 12.627608299255371094 12.546151161193847656 12.464693069458007812 12.383234977722167969 12.301777839660644531 12.220319747924804688
15.3971710205078125 15.315712928771972656 15.234255790710449219 15.152797698974609375 15.071339607238769531 14.989882469177246094 14.90842437744140625 14.826967239379882812 14.745509147644042969 14.664051055908203125 14.582593917846679688 14.501135826110839844 14.419678688049316406 14.338220596313476562 14.256762504577636719 14.175305366516113281 14.093847274780273438 14.012389183044433594 13.930932044982910156 13.849473953247070312 13.768016815185546875 13.686558723449707031 13.605100631713867188 13.52364349365234375 13.442185401916503906 13.360727310180664062 13.279270172119140625 13.197812080383300781 13.116353988647460938 13.0348968505859375 12.953438758850097656 12.871981620788574219 12.790523529052734375 12.709065437316894531 12.627608299255371094 12.54615020751953125 12.464692115783691406 12.383234977722167969 12.301776885986328125 12.220318794250488281
15.397170066833496094 15.31571197509765625 15.234253883361816406 15.152796745300292969 15.071338653564453125 14.989880561828613281 14.908423423767089844 14.82696533203125 14.745507240295410156 14.664049148559570312 14.582592010498046875 14.501133918762207031 14.419675827026367188 14.33821868896484375 14.256760597229003906 14.175302505493164062 14.093845367431640625 14.012387275695800781 13.930929183959960938 13.849471092224121094 13.768013954162597656 13.686555862426757812 13.605097770690917969 13.523640632629394531 13.442182540893554688 13.360724449157714844 13.279267311096191406 13.197809219360351562 13.116351127624511719 13.034893035888671875 12.953435897827148438 12.871977806091308594 12.79051971435546875 12.709062576293945312 12.627604484558105469 12.546146392822265625 12.464689254760742188 12.383231163024902344 12.3017730712890625 12.220314979553222656
15.397170066833496094 15.31571197509765625 15.234253883361816406 15.152796745300292969 15.071338653564453125 14.989880561828613281 14.908423423767089844 14.82696533203125 14.745507240295410156 14.664049148559570312 14.582592010498046875 14.501133918762207031 14.419675827026367188 14.33821868896484375 14.256760597229003906 14.175302505493164062 14.093845367431640625 14.012387275695800781 13.930929183959960938 13.849471092224121094 13.768013954162597656 13.686555862426757812 13.605097770690917969 13.523640632629394531 13.442182540893554688 13.360724449157714844 13.279267311096191406 13.197809219360351562 13.116351127624511719 13.034893035888671875 12.953435897827148438 12.871977806091308594 12.79051971435546875 12.709062576293945312 12.627604484558105469 12.546146392822265625 12.464689254760742188 12.383231163024902344 12.3017730712890625 12.220314979553222656
15.397170066833496094 15.31571197509765625 15.234253883361816406 15.152796745300292969 15.071338653564453125 14.989880561828613281 14.908423423767089844 14.82696533203125 14.745507240295410156 14.664049148559570312 14.582592010498046875 14.501133918762207031 14.419675827026367188 14.33821868896484375 14.256760597229003906 14.175302505493164062 14.093845367431640625 14.012387275695800781 13.930929183959960938 13.849471092224121094 13.768013954162597656 13.686555862426757812 13.605097770690917969 13.523640632629394531 13.442182540893554688 13.360724449157714844 13.279267311096191406 13.197809219360351562 13.116351127624511719 13.034893035888671875 12.953435897827148438 12.871977806091308594 12.79051971435546875 12.709062576293945312 12.627604484558105469 12.546146392822265625 12.464689254760742188 12.383231163024902344 12.3017730712890625 12.220314979553222656
15.397170066833496094 15.31571197509765625 15.234253883361816406 15.152796745300292969 15.071338653564453125 14.989880561828613281 14.908423423767089844 14.82696533203125 14.745507240295410156 14.664049148559570312 14.582592010498046875 14.501133918762207031 14.419675827026367188 14.33821868896484375 14.256760597229003906 14.175302505493164062 14.093845367431640625 14.012387275695800781 13.930929183959960938 13.849471092224121094 13.768013954162597656 13.686555862426757812 13.605097770690917969 13.523640632629394531 13.442182540893554688 13.360724449157714844 13.279267311096191406 13.197809219360351562 13.116351127624511719 13.034893035888671875 12.953435897827148438 12.871977806091308594 12.79051971435546875 12.709062576293945312 12.627604484558105469 12.546146392822265625 12.464689254760742188 12.383231163024902344 12.3017730712890625 12.220314979553222656
15.397170066833496094 15.31571197509765625 15.234253883361816406 15.152796745300292969 15.071338653564453125 14.989880561828613281 14.908423423767089844 14.82696533203125 14.745507240295410156 14.664049148559570312 14.582592010498046875 14.501133918762207031 14.419675827026367188 14.33821868896484375 14.256760597229003906 14.175302505493164062 14.093845367431640625 14.012387275695800781 13.930929183959960938 13.849471092224121094 13.768013954162597656 13.686555862426757812 13.605097770690917969 13.523640632629394531 13.442182540893554688 13.360724449157714844 13.279266357421875 13.197809219360351562 13.116351127624511719 13.034893035888671875 12.953434944152832031 12.871976852416992188 12.79051971435546875 12.709061622619628906 12.627603530883789062 12.546145439147949219 12.464688301086425781 12.383230209350585938 12.301772117614746094 12.22031402587890625
15.397169113159179688 15.315711021423339844 15.2342529296875 15.152794837951660156 15.071337699890136719 14.989879608154296875 14.908421516418457031 14.826963424682617188 14.745505332946777344 14.664048194885253906 14.582590103149414062 14.501132011413574219 14.419673919677734375 14.338215827941894531 14.256758689880371094 14.17530059814453125 14.093842506408691406 14.012384414672851562 13.930926322937011719 13.849469184875488281 13.768011093139648438 13.686553001403808594 13.60509490966796875 13.523636817932128906 13.442179679870605469 13.360721588134765625 13.279263496398925781 13.197805404663085938 13.116347312927246094 13.034890174865722656 12.953432083129882812 12.871973991394042969 12.790515899658203125 12.709057807922363281 12.627600669860839844 12.546142578125 12.464684486389160156 12.383226394653320312 12.301768302917480469 12.220311164855957031
15.397169113159179688 15.315711021423339844 15.2342529296875 15.152794837951660156 15.071337699890136719 14.989879608154296875 14.908421516418457031 14.826963424682617188 14.745505332946777344 14.664048194885253906 14.582590103149414062 14.501132011413574219 14.419673919677734375 14.338215827941894531 14.256758689880371094 14.17530059814453125 14.093842506408691406 14.012384414672851562 13.930926322937011719 13.849469184875488281 13.768011093139648438 13.686553001403808594 13.60509490966796875 13.523636817932128906 13.442179679870605469 13.360721588134765625 13.279263496398925781 13.197805404663085938 13.116347312927246094 13.034890174865722656 12.953432083129882812 12.871973991394042969 12.790515899658203125 12.709057807922363281 12.627600669860839844 12.546142578125 12.464684486389160156 12.383226394653320312 12.301768302917480469 12.220311164855957031
15.397169113159179688 15.315711021423339844 15.2342529296875 15.152794837951660156 15.071337699890136719 14.989879608154296875 14.908421516418457031 14.826963424682617188 14.745505332946777344 14.664048194885253906 14.582590103149414062 14.501132011413574219 14.419673919677734375 14.338215827941894531 14.256758689880371094 14.17530059814453125 14.093842506408691406 14.012384414672851562 13.930926322937011719 13.849469184875488281 13.768011093139648438 13.686553001403808594 13.60509490966796875 13.523636817932128906 13.442179679870605469 13.360721588134765625 13.279263496398925781 13.197805404663085938 13.116347312927246094 13.034890174865722656 12.953432083129882812 12.871973991394042969 12.790515899658203125 12.709057807922363281 12.627600669860839844 12.546142578125 12.464684486389160156 12.383226394653320312 12.301768302917480469 12.220311164855957031
15.397169113159179688 15.315711021423339844 15.2342529296875 15.152794837951660156 15.071337699890136719 14.989879608154296875 14.908421516418457031 14.826963424682617188 14.745505332946777344 14.664048194885253906 14.582590103149414062 14.501132011413574219 14.419673919677734375 14.338215827941894531 14.256758689880371094 14.17530059814453125 14.093842506408691406 14.012384414672851562 13.930926322937011719 13.849469184875488281 13.768011093139648438 13.686553001403808594 13.60509490966796875 13.523636817932128906 13.442179679870605469 13.360721588134765625 13.279263496398925781 13.197805404663085938 13.116347312927246094 13.034890174865722656 12.953432083129882812 12.871973991394042969 12.790515899658203125 12.709057807922363281 12.627600669860839844 12.546142578125 12.464684486389160156 12.383226394653320312 12.301768302917480469 12.220311164855957031
15.397169113159179688 15.315711021423339844 15.2342529296875 15.152794837951660156 15.071337699890136719 14.989879608154296875 14.908421516418457031 14.826963424682617188 14.745505332946777344 14.664048194885253906 14.582590103149414062 14.501132011413574219 14.419673919677734375 14.338215827941894531 14.256758689880371094 14.17530059814453125 14.093842506408691406 14.012384414672851562 13.930926322937011719 13.849469184875488281 13.768011093139648438 13.686553001403808594 13.60509490966796875 13.523636817932128906 13.442178726196289062 13.360721588134765625 13.279263496398925781 13.197805404663085938 13.116347312927246094 13.03488922119140625 12.953431129455566406 12.871973037719726562 12.790515899658203125 12.709057807922363281 12.627599716186523438 12.546141624450683594 12.46468353271484375 12.383225440979003906 12.301767349243164062 12.220310211181640625
15.397168159484863281 15.315711021423339844 15.2342529296875 15.152794837951660156 15.071336746215820312 14.989878654479980469 14.908420562744140625 14.826962471008300781 14.745505332946777344 14.6640472412109375 14.582589149475097656 14.501131057739257812 14.419672966003417969 14.338214874267578125 14.256756782531738281 14.175299644470214844 14.093841552734375 14.012383460998535156 13.930925369262695312 13.849467277526855469 13.768009185791015625 13.686552047729492188 13.605093955993652344 13.5236358642578125 13.442177772521972656 13.360719680786132812 13.279261589050292969 13.197803497314453125 13.116346359252929688 13.034888267517089844 12.95343017578125 12.871972084045410156 12.790513992309570312 12.709055900573730469 12.627597808837890625 12.546140670776367188 12.464682579040527344 12.3832244873046875 12.301766395568847656 12.220308303833007812
15.397168159484863281 15.315711021423339844 15.2342529296875 15.152794837951660156 15.071336746215820312 14.989878654479980469 14.908420562744140625 14.826962471008300781 14.745505332946777344 14.6640472412109375 14.582589149475097656 14.501131057739257812 14.419672966003417969 14.338214874267578125 14.256756782531738281 14.175299644470214844 14.093841552734375 14.012383460998535156 13.930925369262695312 13.849467277526855469 13.768009185791015625 13.686552047729492188 13.605093955993652344 13.5236358642578125 13.442177772521972656 13.360719680786132812 13.279261589050292969 13.197803497314453125 13.116346359252929688 13.034888267517089844 12.95343017578125 12.871972084045410156 12.790513992309570312 12.709055900573730469 12.627597808837890625 12.546140670776367188 12.464682579040527344 12.3832244873046875 12.301766395568847656 12.220308303833007812
15.397167205810546875 15.315710067749023438 15.234251976013183594 15.15279388427734375 15.071335792541503906 14.989877700805664062 14.908419609069824219 14.826961517333984375 14.745503425598144531 14.664045333862304688 14.582587242126464844 14.501129150390625 14.419672012329101562 14.338213920593261719 14.256755828857421875 14.175297737121582031 14.093839645385742188 14.012381553649902344 13.9309234619140625 13.849465370178222656 13.768007278442382812 13.686549186706542969 13.605092048645019531 13.523633956909179688 13.442175865173339844 13.3607177734375 13.279259681701660156 13.197801589965820312 13.116343498229980469 13.034885406494140625 12.953427314758300781 12.871969223022460938 12.7905120849609375 12.709053993225097656 12.627595901489257812 12.546137809753417969 12.464679718017578125 12.383221626281738281 12.301763534545898438 12.220305442810058594
15.397167205810546875 15.315710067749023438 15.234251976013183594 15.15279388427734375 15.071335792541503906 14.989877700805664062 14.908419609069824219 14.826961517333984375 14.745503425598144531 14.664045333862304688 14.582587242126464844 14.501129150390625 14.419671058654785156 14.338212966918945312 14.256754875183105469 14.175296783447265625 14.093838691711425781 14.012380599975585938 13.930922508239746094 13.84946441650390625 13.768006324768066406 13.686549186706542969 13.605091094970703125 13.523633003234863281 13.442174911499023438 13.360716819763183594 13.27925872802734375 13.197800636291503906 13.116342544555664062 13.034884452819824219 12.953426361083984375 12.871968269348144531 12.790510177612304688 12.709052085876464844 12.627593994140625 12.546135902404785156 12.464677810668945312 12.383219718933105469 12.301761627197265625 12.220303535461425781
