in/test_suite/Wilf/Scen014/gb.asc
ncols        350
nrows        500
xllcorner    0.000000000000
yllcorner    -500.000000000000
cellsize     1.000000000000
NODATA_value -9999
[rows 306 to 323 of 500, columns 280 to 319 of 350]
5.6216325759887695312 5.5401701927185058594 5.4587078094482421875 5.3772454261779785156 5.2957830429077148438 5.2143201828002929688 5.1328577995300292969 5.051395416259765625 4.9699330329895019531 4.8884706497192382812 4.8070082664489746094 4.7255454063415527344 4.6440830230712890625 4.5626206398010253906 4.4811582565307617188 4.3996958732604980469 4.318233489990234375 4.2367706298828125 4.1553082466125488281 4.0738458633422851562 3.9923834800720214844 3.9109208583831787109 3.8294584751129150391 3.7479960918426513672 3.6665334701538085938 3.5850710868835449219 3.50360870361328125 3.4221460819244384766 3.3406836986541748047 3.2592213153839111328 3.1777586936950683594 3.0962963104248046875 3.0148336887359619141 2.9333713054656982422 2.8519089221954345703 2.7704463005065917969 2.688983917236328125 2.6075215339660644531 2.5260589122772216797 2.4445965290069580078
5.6216287612915039062 5.5401663780212402344 5.4587039947509765625 5.3772416114807128906 5.2957792282104492188 5.2143168449401855469 5.1328539848327636719 5.0513916015625 4.9699292182922363281 4.8884668350219726562 4.8070044517517089844 4.7255420684814453125 4.6440792083740234375 4.5626168251037597656 4.4811544418334960938 4.3996920585632324219 4.31822967529296875 4.236766815185546875 4.1553044319152832031 4.0738420486450195312 3.9923796653747558594 3.9109172821044921875 3.8294546604156494141 3.7479922771453857422 3.6665298938751220703 3.5850672721862792969 3.503604888916015625 3.4221425056457519531 3.3406798839569091797 3.2592175006866455078 3.1777548789978027344 3.0962924957275390625 3.0148301124572753906 2.9333674907684326172 2.8519051074981689453 2.7704427242279052734 2.6889801025390625 2.6075177192687988281 2.5260553359985351562 2.4445927143096923828
5.6216254234313964844 5.5401625633239746094 5.4587001800537109375 5.3772377967834472656 5.2957754135131835938 5.2143130302429199219 5.13285064697265625 5.051387786865234375 4.9699254035949707031 4.8884630203247070312 4.8070006370544433594 4.7255382537841796875 4.6440753936767578125 4.5626130104064941406 4.4811506271362304688 4.3996882438659667969 4.318225860595703125 4.2367634773254394531 4.1553006172180175781 4.0738382339477539062 3.9923758506774902344 3.9109134674072265625 3.8294510841369628906 3.7479884624481201172 3.6665260791778564453 3.5850636959075927734 3.50360107421875 3.4221386909484863281 3.3406760692596435547 3.2592136859893798828 3.1777513027191162109 3.0962886810302734375 3.0148262977600097656 2.9333639144897460938 2.8519012928009033203 2.7704389095306396484 2.6889765262603759766 2.6075139045715332031 2.5260515213012695312 2.4445891380310058594
5.6216235160827636719 5.5401606559753417969 5.458698272705078125 5.3772358894348144531 5.2957730293273925781 5.2143106460571289062 5.1328482627868652344 5.0513858795166015625 4.9699230194091796875 4.8884606361389160156 4.8069982528686523438 4.7255358695983886719 4.6440730094909667969 4.562610626220703125 4.4811482429504394531 4.3996853828430175781 4.3182229995727539062 4.2367606163024902344 4.1552982330322265625 4.0738353729248046875 3.9923729896545410156 3.9109106063842773438 3.8294479846954345703 3.7479856014251708984 3.666522979736328125 3.5850605964660644531 3.5035979747772216797 3.4221353530883789062 3.3406729698181152344 3.2592103481292724609 3.1777479648590087891 3.0962853431701660156 3.0148229598999023438 2.9333603382110595703 2.8518979549407958984 2.770435333251953125 2.6889729499816894531 2.6075103282928466797 2.5260477066040039062 2.4445853233337402344
5.6216235160827636719 5.5401606559753417969 5.458698272705078125 5.3772358894348144531 5.2957730293273925781 5.2143106460571289062 5.1328482627868652344 5.0513858795166015625 4.9699230194091796875 4.8884606361389160156 4.8069982528686523438 4.7255358695983886719 4.6440730094909667969 4.562610626220703125 4.4811482429504394531 4.3996853828430175781 4.3182229995727539062 4.2367606163024902344 4.1552982330322265625 4.0738353729248046875 3.9923729896545410156 3.9109103679656982422 3.8294479846954345703 3.7479853630065917969 3.6665227413177490234 3.58506011962890625 3.5035977363586425781 3.4221351146697998047 3.3406724929809570312 3.2592101097106933594 3.1777474880218505859 3.0962848663330078125 3.0148222446441650391 2.9333598613739013672 2.8518972396850585938 2.7704346179962158203 2.6889719963073730469 2.607509613037109375 2.5260469913482666016 2.4445843696594238281
5.6216206550598144531 5.5401577949523925781 5.4586954116821289062 5.3772330284118652344 5.2957701683044433594 5.2143077850341796875 5.1328449249267578125 5.0513825416564941406 4.9699201583862304688 4.8884572982788085938 4.8069949150085449219 4.72553253173828125 4.644069671630859375 4.5626072883605957031 4.4811444282531738281 4.3996820449829101562 4.3182196617126464844 4.2367568016052246094 4.1552944183349609375 4.0738320350646972656 3.9923691749572753906 3.9109067916870117188 3.8294441699981689453 3.7479815483093261719 3.6665189266204833984 3.5850565433502197266 3.5035939216613769531 3.4221312999725341797 3.3406689167022705078 3.2592062950134277344 3.1777436733245849609 3.0962810516357421875 3.0148186683654785156 2.9333560466766357422 2.8518934249877929688 2.7704308032989501953 2.6889684200286865234 2.60750579833984375 2.5260431766510009766 2.4445805549621582031
5.6216168403625488281 5.5401539802551269531 5.4586915969848632812 5.3772292137145996094 5.2957663536071777344 5.2143039703369140625 5.1328415870666503906 5.0513787269592285156 4.9699163436889648438 4.8884534835815429688 4.8069911003112792969 4.725528717041015625 4.64406585693359375 4.5626034736633300781 4.4811410903930664062 4.3996782302856445312 4.3182158470153808594 4.2367529869079589844 4.1552906036376953125 4.0738282203674316406 3.9923655986785888672 3.9109029769897460938 3.8294403553009033203 3.7479779720306396484 3.666515350341796875 3.5850527286529541016 3.5035901069641113281 3.4221277236938476562 3.3406651020050048828 3.2592024803161621094 3.1777398586273193359 3.0962774753570556641 3.0148148536682128906 2.9333522319793701172 2.8518896102905273438 2.7704272270202636719 2.6889646053314208984 2.607501983642578125 2.5260393619537353516 2.4445769786834716797
5.6216130256652832031 5.5401506423950195312 5.4586877822875976562 5.3772253990173339844 5.2957625389099121094 5.2143001556396484375 5.1328377723693847656 5.0513749122619628906 4.9699125289916992188 4.8884501457214355469 4.8069872856140136719 4.72552490234375 4.644062042236328125 4.5625996589660644531 4.4811372756958007812 4.3996744155883789062 4.3182120323181152344 4.2367496490478515625 4.1552867889404296875 4.0738244056701660156 3.9923617839813232422 3.9108991622924804688 3.8294367790222167969 3.7479741573333740234 3.66651153564453125 3.5850489139556884766 3.5035865306854248047 3.4221239089965820312 3.3406612873077392578 3.2591986656188964844 3.1777362823486328125 3.0962736606597900391 3.0148110389709472656 2.9333484172821044922 2.8518860340118408203 2.7704234123229980469 2.6889607906341552734 2.6074981689453125 2.5260357856750488281 2.4445731639862060547
5.6216111183166503906 5.5401487350463867188 5.4586858749389648438 5.3772234916687011719 5.2957606315612792969 5.214298248291015625 5.13283538818359375 5.0513730049133300781 4.9699101448059082031 4.8884477615356445312 4.8069849014282226562 4.7255225181579589844 4.6440596580505371094 4.5625972747802734375 4.4811344146728515625 4.3996720314025878906 4.3182091712951660156 4.2367467880249023438 4.1552844047546386719 4.0738215446472167969 3.9923589229583740234 3.91089630126953125 3.8294336795806884766 3.7479710578918457031 3.6665084362030029297 3.5850460529327392578 3.5035834312438964844 3.4221208095550537109 3.3406581878662109375 3.2591955661773681641 3.1777329444885253906 3.0962703227996826172 3.0148077011108398438 2.9333450794219970703 2.8518824577331542969 2.7704198360443115234 2.68895721435546875 2.6074945926666259766 2.5260319709777832031 2.4445693492889404297
5.6216111183166503906 5.5401487350463867188 5.4586858749389648438 5.3772234916687011719 5.2957606315612792969 5.214298248291015625 5.13283538818359375 5.0513730049133300781 4.9699101448059082031 4.8884477615356445312 4.8069849014282226562 4.7255225181579589844 4.6440596580505371094 4.5625972747802734375 4.4811344146728515625 4.3996720314025878906 4.3182091712951660156 4.2367467880249023438 4.1552844047546386719 4.0738215446472167969 3.9923589229583740234 3.91089630126953125 3.8294336795806884766 3.7479710578918457031 3.6665081977844238281 3.5850455760955810547 3.5035829544067382812 3.4221203327178955078 3.3406577110290527344 3.2591950893402099609 3.1777324676513671875 3.0962696075439453125 3.0148069858551025391 2.9333443641662597656 2.8518817424774169922 2.7704191207885742188 2.6889564990997314453 2.6074938774108886719 2.5260312557220458984 2.4445683956146240234
5.6216082572937011719 5.5401453971862792969 5.458683013916015625 5.37722015380859375 5.2957577705383300781 5.2142949104309082031 5.1328325271606445312 5.0513696670532226562 4.9699068069458007812 4.8884444236755371094 4.8069815635681152344 4.7255191802978515625 4.6440563201904296875 4.5625939369201660156 4.4811310768127441406 4.3996682167053222656 4.3182058334350585938 4.2367429733276367188 4.1552805900573730469 4.0738177299499511719 3.9923551082611083984 3.910892486572265625 3.8294298648834228516 3.7479672431945800781 3.6665046215057373047 3.5850419998168945312 3.5035791397094726562 3.4221165180206298828 3.3406538963317871094 3.2591912746429443359 3.1777286529541015625 3.0962660312652587891 3.0148034095764160156 2.9333407878875732422 2.8518779277801513672 2.7704153060913085938 2.6889526844024658203 2.6074900627136230469 2.5260274410247802734 2.4445648193359375
5.62160491943359375 5.5401425361633300781 5.4586796760559082031 5.3772168159484863281 5.2957544326782226562 5.2142915725708007812 5.1328291893005371094 5.0513663291931152344 4.9699039459228515625 4.8884410858154296875 4.8069787025451660156 4.7255158424377441406 4.6440529823303222656 4.5625905990600585938 4.4811277389526367188 4.3996653556823730469 4.3182024955749511719 4.2367401123046875 4.155277252197265625 4.07381439208984375 3.9923520088195800781 3.9108893871307373047 3.8294265270233154297 3.7479639053344726562 3.6665012836456298828 3.5850386619567871094 3.5035760402679443359 3.4221134185791015625 3.3406507968902587891 3.2591879367828369141 3.1777253150939941406 3.0962626934051513672 3.0148000717163085938 2.9333374500274658203 2.8518748283386230469 2.7704122066497802734 2.6889495849609375 2.607486724853515625 2.5260241031646728516 2.4445614814758300781
5.6216039657592773438 5.5401411056518554688 5.4586787223815917969 5.3772158622741699219 5.2957530021667480469 5.214290618896484375 5.1328277587890625 5.051364898681640625 4.9699025154113769531 4.8884396553039550781 4.8069767951965332031 4.7255144119262695312 4.6440515518188476562 4.5625886917114257812 4.4811263084411621094 4.3996634483337402344 4.3182005882263183594 4.2367382049560546875 4.1552753448486328125 4.0738124847412109375 3.9923501014709472656 3.9108872413635253906 3.8294246196746826172 3.7479619979858398438 3.6664991378784179688 3.5850365161895751953 3.5035738945007324219 3.4221110343933105469 3.3406484127044677734 3.259185791015625 3.177722930908203125 3.0962603092193603516 3.0147976875305175781 2.9333348274230957031 2.8518722057342529297 2.7704095840454101562 2.6889467239379882812 2.6074841022491455078 2.5260214805603027344 2.4445586204528808594
5.6216001510620117188 5.5401377677917480469 5.4586749076843261719 5.3772120475769042969 5.295749664306640625 5.21428680419921875 5.132823944091796875 5.0513615608215332031 4.9698987007141113281 4.8884358406066894531 4.8069734573364257812 4.7255105972290039062 4.6440477371215820312 4.5625853538513183594 4.4811224937438964844 4.3996596336364746094 4.3181972503662109375 4.2367343902587890625 4.1552715301513671875 4.0738091468811035156 3.9923462867736816406 3.9108834266662597656 3.8294208049774169922 3.7479581832885742188 3.6664955615997314453 3.5850327014923095703 3.5035700798034667969 3.4221074581146240234 3.3406445980072021484 3.259181976318359375 3.1777193546295166016 3.0962564945220947266 3.0147938728332519531 2.9333312511444091797 2.8518683910369873047 2.7704057693481445312 2.6889431476593017578 2.6074802875518798828 2.5260176658630371094 2.4445550441741943359
5.6215963363647460938 5.5401339530944824219 5.4586710929870605469 5.3772082328796386719 5.295745849609375 5.214282989501953125 5.13282012939453125 5.0513577461242675781 4.9698948860168457031 4.8884320259094238281 4.8069696426391601562 4.7255067825317382812 4.6440439224243164062 4.5625815391540527344 4.4811186790466308594 4.3996558189392089844 4.3181934356689453125 4.2367305755615234375 4.1552677154541015625 4.0738053321838378906 3.9923424720764160156 3.9108798503875732422 3.8294169902801513672 3.7479543685913085938 3.6664917469024658203 3.5850288867950439453 3.5035662651062011719 3.4221036434173583984 3.3406407833099365234 3.25917816162109375 3.1777155399322509766 3.0962526798248291016 3.0147900581359863281 2.9333274364471435547 2.8518645763397216797 2.7704019546508789062 2.6889393329620361328 2.6074764728546142578 2.5260138511657714844 2.4445512294769287109
5.6215929985046386719 5.5401301383972167969 5.4586672782897949219 5.37720489501953125 5.295742034912109375 5.2142791748046875 5.1328167915344238281 5.0513539314270019531 4.9698910713195800781 4.8884286880493164062 4.8069658279418945312 4.7255029678344726562 4.6440405845642089844 4.5625777244567871094 4.4811148643493652344 4.3996524810791015625 4.3181896209716796875 4.2367267608642578125 4.1552643775939941406 4.0738015174865722656 3.9923386573791503906 3.9108760356903076172 3.8294134140014648438 3.7479505538940429688 3.6664879322052001953 3.5850253105163574219 3.5035624504089355469 3.4220998287200927734 3.34063720703125 3.259174346923828125 3.1777117252349853516 3.0962491035461425781 3.0147862434387207031 2.9333236217498779297 2.8518610000610351562 2.7703981399536132812 2.6889355182647705078 2.6074728965759277344 2.5260100364685058594 2.4445474147796630859
5.6215929985046386719 5.5401301383972167969 5.4586672782897949219 5.3772044181823730469 5.295742034912109375 5.2142791748046875 5.132816314697265625 5.05135345458984375 4.9698910713195800781 4.8884282112121582031 4.8069653511047363281 4.7255024909973144531 4.6440396308898925781 4.5625772476196289062 4.4811143875122070312 4.3996515274047851562 4.3181886672973632812 4.2367262840270996094 4.1552634239196777344 4.0738005638122558594 3.9923379421234130859 3.9108750820159912109 3.8294124603271484375 3.7479496002197265625 3.6664869785308837891 3.5850241184234619141 3.5035612583160400391 3.4220986366271972656 3.3406357765197753906 3.2591731548309326172 3.1777102947235107422 3.0962476730346679688 3.0147848129272460938 2.9333221912384033203 2.8518593311309814453 2.7703967094421386719 2.6889338493347167969 2.6074712276458740234 2.5260083675384521484 2.444545745849609375
5.6215915679931640625 5.5401291847229003906 5.4586663246154785156 5.3772034645080566406 5.2957406044006347656 5.2142777442932128906 5.1328148841857910156 5.0513520240783691406 4.9698896408081054688 4.8884267807006835938 4.8069639205932617188 4.7255010604858398438 4.6440382003784179688 4.5625753402709960938 4.4811124801635742188 4.3996496200561523438 4.3181872367858886719 4.2367243766784667969 4.1552615165710449219 4.0737986564636230469 3.9923357963562011719 3.9108731746673583984 3.8294103145599365234 3.7479474544525146484 3.6664845943450927734 3.58502197265625 3.503559112548828125 3.42209625244140625 3.3406336307525634766 3.2591707706451416016 3.1777079105377197266 3.0962450504302978516 3.0147824287414550781 2.9333195686340332031 2.8518567085266113281 2.7703938484191894531 2.6889312267303466797 2.6074683666229248047 2.5260055065155029297 2.4445428848266601562
