in/test_suite/Wilf/Scen014/gb.asc
ncols        350
nrows        500
xllcorner    0.000000000000
yllcorner    -500.000000000000
cellsize     1.000000000000
NODATA_value -9999
[rows 36 to 53 of 500, columns 120 to 159 of 350]
18.789974212646484375 19.036333084106445312 19.282693862915039062 19.529052734375 19.775411605834960938 19.948225021362304688 19.948225021362304688 19.948225021362304688 19.948225021362304688 19.948225021362304688 19.948225021362304688 19.948225021362304688 19.948225021362304688 19.948225021362304688 19.948225021362304688 19.948225021362304688 19.948225021362304688 19.948225021362304688 19.948225021362304688 19.948225021362304688 19.624357223510742188 19.2934112548828125 18.962467193603515625 18.631521224975585938 18.30057525634765625 17.969629287719726562 17.638683319091796875 17.3077392578125 16.976793289184570312 16.645847320556640625 16.314901351928710938 16.130290985107421875 16.048833847045898438 15.967375755310058594 15.885918617248535156 15.804460525512695312 15.723003387451171875 15.641546249389648438 15.560089111328125 15.478631019592285156
18.789974212646484375 19.036333084106445312 19.282693862915039062 19.529052734375 19.775411605834960938 19.948225021362304688 19.948225021362304688 19.948225021362304688 19.948225021362304688 19.948225021362304688 19.948225021362304688 19.948225021362304688 19.948225021362304688 19.948225021362304688 19.948225021362304688 19.948225021362304688 19.948225021362304688 19.948225021362304688 19.948225021362304688 19.948225021362304688 19.624357223510742188 19.2934112548828125 18.962467193603515625 18.631521224975585938 18.30057525634765625 17.969629287719726562 17.638683319091796875 17.3077392578125 16.976793289184570312 16.645847320556640625 16.314901351928710938 16.130290985107421875 16.048833847045898438 15.967375755310058594 15.885918617248535156 15.804460525512695312 15.723003387451171875 15.641546249389648438 15.560089111328125 15.478631019592285156
18.789974212646484375 19.036333084106445312 19.282693862915039062 19.529052734375 19.775411605834960938 19.948225021362304688 19.948225021362304688 19.948225021362304688 19.948225021362304688 19.948225021362304688 19.948225021362304688 19.948225021362304688 19.948225021362304688 19.948225021362304688 19.948225021362304688 19.948225021362304688 19.948225021362304688 19.948225021362304688 19.948225021362304688 19.948225021362304688 19.624357223510742188 19.2934112548828125 18.962467193603515625 18.631521224975585938 18.30057525634765625 17.969629287719726562 17.638683319091796875 17.3077392578125 16.976793289184570312 16.645847320556640625 16.314901351928710938 16.130290985107421875 16.048833847045898438 15.967375755310058594 15.885918617248535156 15.804460525512695312 15.723003387451171875 15.641546249389648438 15.560089111328125 15.478631019592285156
18.789974212646484375 19.036333084106445312 19.282693862915039062 19.529052734375 19.775411605834960938 19.948225021362304688 19.948225021362304688 19.948225021362304688 19.948225021362304688 19.948225021362304688 19.948225021362304688 19.948225021362304688 19.948225021362304688 19.948225021362304688 19.948225021362304688 19.948225021362304688 19.948225021362304688 19.948225021362304688 19.948225021362304688 19.948225021362304688 19.624357223510742188 19.2934112548828125 18.962467193603515625 18.631521224975585938 18.30057525634765625 17.969629287719726562 17.638683319091796875 17.3077392578125 16.976793289184570312 16.645847320556640625 16.314901351928710938 16.130290985107421875 16.048833847045898438 15.967375755310058594 15.885918617248535156 15.804460525512695312 15.723003387451171875 15.641546249389648438 15.560089111328125 15.478631019592285156
18.789974212646484375 19.036333084106445312 19.282693862915039062 19.529052734375 19.775411605834960938 19.948225021362304688 19.948225021362304688 19.948225021362304688 19.948225021362304688 19.948225021362304688 19.948225021362304688 19.948225021362304688 19.948225021362304688 19.948225021362304688 19.948225021362304688 19.948225021362304688 19.948225021362304688 19.948225021362304688 19.948225021362304688 19.948225021362304688 19.624357223510742188 19.2934112548828125 18.962467193603515625 18.631521224975585938 18.30057525634765625 17.969629287719726562 17.638683319091796875 17.3077392578125 16.976793289184570312 16.645847320556640625 16.314901351928710938 16.130290985107421875 16.048831939697265625 15.967375755310058594 15.88591766357421875 15.804460525512695312 15.723003387451171875 15.641545295715332031 15.560088157653808594 15.478631019592285156
18.789974212646484375 19.036333084106445312 19.282693862915039062 19.529052734375 19.775411605834960938 19.948225021362304688 19.948225021362304688 19.948225021362304688 19.948225021362304688 19.948225021362304688 19.948225021362304688 19.948225021362304688 19.948225021362304688 19.948225021362304688 19.948225021362304688 19.948225021362304688 19.948225021362304688 19.948225021362304688 19.948225021362304688 19.948225021362304688 19.624357223510742188 19.2934112548828125 18.962467193603515625 18.631521224975585938 18.30057525634765625 17.969629287719726562 17.638683319091796875 17.3077392578125 16.976793289184570312 16.645847320556640625 16.314901351928710938 16.130290985107421875 16.048831939697265625 15.967375755310058594 15.88591766357421875 15.804460525512695312 15.723003387451171875 15.641545295715332031 15.560088157653808594 15.47863006591796875
18.789974212646484375 19.036333084106445312 19.282693862915039062 19.529052734375 19.775411605834960938 19.948225021362304688 19.948225021362304688 19.948225021362304688 19.948225021362304688 19.948225021362304688 19.948225021362304688 19.948225021362304688 19.948225021362304688 19.948225021362304688 19.948225021362304688 19.948225021362304688 19.948225021362304688 19.948225021362304688 19.948225021362304688 19.948225021362304688 19.624357223510742188 19.2934112548828125 18.962467193603515625 18.631521224975585938 18.30057525634765625 17.969629287719726562 17.638683319091796875 17.3077392578125 16.976793289184570312 16.645847320556640625 16.314901351928710938 16.130290985107421875 16.048831939697265625 15.967375755310058594 15.88591766357421875 15.804460525512695312 15.723003387451171875 15.641545295715332031 15.560088157653808594 15.47863006591796875
18.789974212646484375 19.036333084106445312 19.282693862915039062 19.529052734375 19.775411605834960938 19.948225021362304688 19.948225021362304688 19.948225021362304688 19.948225021362304688 19.948225021362304688 19.948225021362304688 19.948225021362304688 19.948225021362304688 19.948225021362304688 19.948225021362304688 19.948225021362304688 19.948225021362304688 19.948225021362304688 19.948225021362304688 19.948225021362304688 19.624357223510742188 19.2934112548828125 18.962467193603515625 18.631521224975585938 18.30057525634765625 17.969629287719726562 17.638683319091796875 17.3077392578125 16.976793289184570312 16.645847320556640625 16.314901351928710938 16.130290985107421875 16.048831939697265625 15.967375755310058594 15.88591766357421875 15.804460525512695312 15.723003387451171875 15.641545295715332031 15.560088157653808594 15.47863006591796875
18.789974212646484375 19.036333084106445312 19.282693862915039062 19.529052734375 19.775411605834960938 19.948225021362304688 19.948225021362304688 19.948225021362304688 19.948225021362304688 19.948225021362304688 19.948225021362304688 19.948225021362304688 19.948225021362304688 19.948225021362304688 19.948225021362304688 19.948225021362304688 19.948225021362304688 19.948225021362304688 19.948225021362304688 19.948225021362304688 19.624357223510742188 19.2934112548828125 18.962467193603515625 18.631521224975585938 18.30057525634765625 17.969629287719726562 17.638683319091796875 17.3077392578125 16.976793289184570312 16.645847320556640625 16.314901351928710938 16.130290985107421875 16.048831939697265625 15.967375755310058594 15.88591766357421875 15.804460525512695312 15.723003387451171875 15.641545295715332031 15.560088157653808594 15.47863006591796875
18.789974212646484375 19.036333084106445312 19.282693862915039062 19.529052734375 19.775411605834960938 19.948225021362304688 19.948225021362304688 19.948225021362304688 19.948225021362304688 19.948225021362304688 19.948225021362304688 19.948225021362304688 19.948225021362304688 19.948225021362304688 19.948225021362304688 19.948225021362304688 19.948225021362304688 19.948225021362304688 19.948225021362304688 19.948225021362304688 19.624357223510742188 19.2934112548828125 18.962467193603515625 18.631521224975585938 18.30057525634765625 17.969629287719726562 17.638683319091796875 17.3077392578125 16.976793289184570312 16.645847320556640625 16.314901351928710938 16.130290985107421875 16.048831939697265625 15.967374801635742188 15.88591766357421875 15.804459571838378906 15.723002433776855469 15.641545295715332031 15.560087203979492188 15.47863006591796875
18.789974212646484375 19.036333084106445312 19.282693862915039062 19.529052734375 19.775411605834960938 19.948225021362304688 19.948225021362304688 19.948225021362304688 19.948225021362304688 19.948225021362304688 19.948225021362304688 19.948225021362304688 19.948225021362304688 19.948225021362304688 19.948225021362304688 19.948225021362304688 19.948225021362304688 19.948225021362304688 19.948225021362304688 19.948225021362304688 19.624357223510742188 19.2934112548828125 18.962467193603515625 18.631521224975585938 18.30057525634765625 17.969629287719726562 17.638683319091796875 17.3077392578125 16.976793289184570312 16.645847320556640625 16.314901351928710938 16.130290985107421875 16.048831939697265625 15.967374801635742188 15.88591766357421875 15.804459571838378906 15.723002433776855469 15.641545295715332031 15.560087203979492188 15.47863006591796875
18.789974212646484375 19.036333084106445312 19.282693862915039062 19.529052734375 19.775411605834960938 19.948225021362304688 19.948225021362304688 19.948225021362304688 19.948225021362304688 19.948225021362304688 19.948225021362304688 19.948225021362304688 19.948225021362304688 19.948225021362304688 19.948225021362304688 19.948225021362304688 19.948225021362304688 19.948225021362304688 19.948225021362304688 19.948225021362304688 19.624357223510742188 19.2934112548828125 18.962467193603515625 18.631521224975585938 18.30057525634765625 17.969629287719726562 17.638683319091796875 17.3077392578125 16.976793289184570312 16.645847320556640625 16.314901351928710938 16.130290985107421875 16.048831939697265625 15.967374801635742188 15.88591766357421875 15.804459571838378906 15.723002433776855469 15.641545295715332031 15.560087203979492188 15.47863006591796875
18.789974212646484375 19.036333084106445312 19.282693862915039062 19.529052734375 19.775411605834960938 19.948225021362304688 19.948225021362304688 19.948225021362304688 19.948225021362304688 19.948225021362304688 19.948225021362304688 19.948225021362304688 19.948225021362304688 19.948225021362304688 19.948225021362304688 19.948225021362304688 19.948225021362304688 19.948225021362304688 19.948225021362304688 19.948225021362304688 19.624357223510742188 19.2934112548828125 18.962467193603515625 18.631521224975585938 18.30057525634765625 17.969629287719726562 17.638683319091796875 17.3077392578125 16.976793289184570312 16.645847320556640625 16.314901351928710938 16.130290985107421875 16.048831939697265625 15.967374801635742188 15.88591766357421875 15.804459571838378906 15.723002433776855469 15.641545295715332031 15.560087203979492188 15.47863006591796875
18.789974212646484375 19.036333084106445312 19.282693862915039062 19.529052734375 19.775411605834960938 19.948225021362304688 19.948225021362304688 19.948225021362304688 19.948225021362304688 19.948225021362304688 19.948225021362304688 19.948225021362304688 19.948225021362304688 19.948225021362304688 19.948225021362304688 19.948225021362304688 19.948225021362304688 19.948225021362304688 19.948225021362304688 19.948225021362304688 19.624357223510742188 19.2934112548828125 18.962467193603515625 18.631521224975585938 18.30057525634765625 17.969629287719726562 17.638683319091796875 17.3077392578125 16.976793289184570312 16.645847320556640625 16.314901351928710938 16.130290985107421875 16.048831939697265625 15.967374801635742188 15.88591766357421875 15.804459571838378906 15.723002433776855469 15.641545295715332031 15.560087203979492188 15.47863006591796875
18.789974212646484375 19.036333084106445312 19.282693862915039062 19.529052734375 19.775411605834960938 19.948225021362304688 19.948225021362304688 19.948225021362304688 19.948225021362304688 19.948225021362304688 19.948225021362304688 19.948225021362304688 19.948225021362304688 19.948225021362304688 19.948225021362304688 19.948225021362304688 19.948225021362304688 19.948225021362304688 19.948225021362304688 19.948225021362304688 19.624357223510742188 19.2934112548828125 18.962467193603515625 18.631521224975585938 18.30057525634765625 17.969629287719726562 17.638683319091796875 17.3077392578125 16.976793289184570312 16.645847320556640625 16.314901351928710938 16.130290985107421875 16.048831939697265625 15.967374801635742188 15.88591766357421875 15.804459571838378906 15.723002433776855469 15.641544342041015625 15.560087203979492188 15.478629112243652344
18.789974212646484375 19.036333084106445312 19.282693862915039062 19.529052734375 19.775411605834960938 19.948225021362304688 19.948225021362304688 19.948225021362304688 19.948225021362304688 19.948225021362304688 19.948225021362304688 19.948225021362304688 19.948225021362304688 19.948225021362304688 19.948225021362304688 19.948225021362304688 19.948225021362304688 19.948225021362304688 19.948225021362304688 19.948225021362304688 19.624357223510742188 19.2934112548828125 18.962467193603515625 18.631521224975585938 18.30057525634765625 17.969629287719726562 17.638683319091796875 17.3077392578125 16.976793289184570312 16.645847320556640625 16.314901351928710938 16.130290985107421875 16.048831939697265625 15.967374801635742188 15.88591766357421875 15.804459571838378906 15.723002433776855469 15.641544342041015625 15.560087203979492188 15.478629112243652344
18.789974212646484375 19.036333084106445312 19.282693862915039062 19.529052734375 19.775411605834960938 19.948225021362304688 19.948225021362304688 19.948225021362304688 19.948225021362304688 19.948225021362304688 19.948225021362304688 19.948225021362304688 19.948225021362304688 19.948225021362304688 19.948225021362304688 19.948225021362304688 19.948225021362304688 19.948225021362304688 19.948225021362304688 19.948225021362304688 19.624357223510742188 19.2934112548828125 18.962467193603515625 18.631521224975585938 18.30057525634765625 17.969629287719726562 17.638683319091796875 17.3077392578125 16.976793289184570312 16.645847320556640625 16.314901351928710938 16.130290985107421875 16.048831939697265625 15.967374801635742188 15.88591766357421875 15.804459571838378906 15.723002433776855469 15.641544342041015625 15.560087203979492188 15.478629112243652344
18.789974212646484375 19.036333084106445312 19.282693862915039062 19.529052734375 19.775411605834960938 19.948225021362304688 19.948225021362304688 19.948225021362304688 19.948225021362304688 19.948225021362304688 19.948225021362304688 19.948225021362304688 19.948225021362304688 19.948225021362304688 19.948225021362304688 19.948225021362304688 19.948225021362304688 19.948225021362304688 19.948225021362304688 19.948225021362304688 19.624357223510742188 19.2934112548828125 18.962467193603515625 18.631521224975585938 18.30057525634765625 17.969629287719726562 17.638683319091796875 17.3077392578125 16.976793289184570312 16.645847320556640625 16.314901351928710938 16.130290985107421875 16.048831939697265625 15.967374801635742188 15.885916709899902344 15.804459571838378906 15.723001480102539062 15.641544342041015625 15.560086250305175781 15.478628158569335938
