in/test_suite/Wilf/Scen016/top.asc
ncols        474
nrows        234
xllcorner    608012.032099999953
yllcorner    116220.737999999998
dx           3.996202531646
dy           3.999581623932
NODATA_value -9999
[rows 18 to 35 of 234, columns 336 to 377 of 474]
92.2819976806640625 92.2910003662109375 92.345001220703125 92.31400299072265625 92.1100006103515625 91.85900115966796875 91.7350006103515625 91.75 91.6269989013671875 91.5989990234375 91.6920013427734375 91.8040008544921875 91.77700042724609375 91.727996826171875 91.70099639892578125 91.77899932861328125 91.832000732421875 91.8990020751953125 91.8280029296875 91.70400238037109375 91.67099761962890625 91.92600250244140625 92.19100189208984375 92.21399688720703125 92.18499755859375 91.8470001220703125 91.7220001220703125 91.8899993896484375 92.0780029296875 92.1510009765625 91.69499969482421875 91.33699798583984375 91.36299896240234375 91.74900054931640625 92.03900146484375 92 91.572998046875 90.89800262451171875 90.2350006103515625 89.8430023193359375 90.13700103759765625 90.8339996337890625
92.2519989013671875 92.246002197265625 92.33899688720703125 92.30999755859375 92.11299896240234375 91.8939971923828125 91.79399871826171875 91.8209991455078125 91.59100341796875 91.6190032958984375 91.72699737548828125 91.8079986572265625 91.76999664306640625 91.69699859619140625 91.6790008544921875 91.740997314453125 91.8119964599609375 91.8679962158203125 91.8560028076171875 91.71099853515625 91.68499755859375 91.94000244140625 92.194000244140625 92.19000244140625 92.1869964599609375 91.85900115966796875 91.677001953125 91.86499786376953125 92.0780029296875 92.0019989013671875 91.7050018310546875 91.53800201416015625 91.54900360107421875 91.76999664306640625 92.121002197265625 92.09999847412109375 91.61699676513671875 90.9889984130859375 90.3119964599609375 89.90599822998046875 90.0370025634765625 90.8339996337890625
92.3899993896484375 92.3209991455078125 92.30100250244140625 92.13700103759765625 92.1060028076171875 91.8209991455078125 91.572998046875 91.57700347900390625 91.5449981689453125 91.66699981689453125 91.78099822998046875 91.802001953125 91.75800323486328125 91.65399932861328125 91.63700103759765625 91.7030029296875 91.80999755859375 91.878997802734375 91.84799957275390625 91.6999969482421875 91.68900299072265625 91.94000244140625 92.19699859619140625 92.25099945068359375 92.18900299072265625 91.9329986572265625 91.707000732421875 91.871002197265625 92.05100250244140625 91.92400360107421875 91.67299652099609375 91.6139984130859375 91.57700347900390625 91.7180023193359375 92.05100250244140625 92.089996337890625 91.66300201416015625 91.06500244140625 90.37400054931640625 89.88700103759765625 90.0370025634765625 90.81800079345703125
92.4940032958984375 92.45099639892578125 92.25 91.97899627685546875 91.87000274658203125 91.63899993896484375 91.38899993896484375 91.3860015869140625 91.50099945068359375 91.72699737548828125 91.83100128173828125 91.80500030517578125 91.71399688720703125 91.6179962158203125 91.5930023193359375 91.66300201416015625 91.79399871826171875 91.9069976806640625 91.89600372314453125 91.7089996337890625 91.69499969482421875 91.9250030517578125 92.08499908447265625 92.108001708984375 92.1230010986328125 91.98200225830078125 91.7559967041015625 91.8339996337890625 92.0540008544921875 91.85700225830078125 91.5070037841796875 91.3639984130859375 91.40599822998046875 91.71700286865234375 92.06099700927734375 92.0469970703125 91.68900299072265625 91.10900115966796875 90.47699737548828125 89.94000244140625 90.20999908447265625 90.86100006103515625
92.50800323486328125 92.4629974365234375 92.2429962158203125 91.90899658203125 91.68599700927734375 91.3769989013671875 91.2559967041015625 91.246002197265625 91.52100372314453125 91.7429962158203125 91.86299896240234375 91.78099822998046875 91.67400360107421875 91.55500030517578125 91.55699920654296875 91.59600067138671875 91.76300048828125 91.89099884033203125 91.91100311279296875 91.70800018310546875 91.697998046875 91.9069976806640625 92.0240020751953125 92.0110015869140625 92 91.8899993896484375 91.6959991455078125 91.79399871826171875 92.016998291015625 91.78099822998046875 91.37999725341796875 91.16699981689453125 91.28900146484375 91.73000335693359375 92.069000244140625 92.01399993896484375 91.72100067138671875 91.1529998779296875 90.5579986572265625 90.069000244140625 90.34600067138671875 91.082000732421875
92.26399993896484375 92.220001220703125 92.15399932861328125 91.87799835205078125 91.5500030517578125 91.4069976806640625 91.26300048828125 91.21199798583984375 91.48400115966796875 91.76599884033203125 91.8470001220703125 91.75 91.61100006103515625 91.49700164794921875 91.51399993896484375 91.5879974365234375 91.69499969482421875 91.83499908447265625 91.83599853515625 91.7429962158203125 91.73799896240234375 91.9459991455078125 92.069000244140625 92.0319976806640625 91.91899871826171875 91.7050018310546875 91.621002197265625 91.78900146484375 91.99199676513671875 91.69100189208984375 91.38500213623046875 91.2649993896484375 91.39800262451171875 91.77100372314453125 92.0579986572265625 91.98699951171875 91.71900177001953125 91.19000244140625 90.6569976806640625 90.1719970703125 90.45800018310546875 91.19100189208984375
92.25499725341796875 92.1100006103515625 91.9290008544921875 91.6660003662109375 91.4380035400390625 91.36699676513671875 91.20400238037109375 91.1569976806640625 91.4680023193359375 91.7760009765625 91.8249969482421875 91.71199798583984375 91.5469970703125 91.4369964599609375 91.47699737548828125 91.55500030517578125 91.680999755859375 91.78600311279296875 91.81500244140625 91.78099822998046875 91.8000030517578125 91.98799896240234375 92.11100006103515625 91.99700164794921875 91.80100250244140625 91.56099700927734375 91.49199676513671875 91.7239990234375 91.80999755859375 91.542999267578125 91.3489990234375 91.28099822998046875 91.44699859619140625 91.7779998779296875 92.06099700927734375 91.97100067138671875 91.753997802734375 91.26399993896484375 90.76599884033203125 90.2570037841796875 90.483001708984375 91.21600341796875
92.35399627685546875 92.21600341796875 91.96099853515625 91.60700225830078125 91.28099822998046875 91.23200225830078125 91.2030029296875 91.22699737548828125 91.4889984130859375 91.75099945068359375 91.80999755859375 91.641998291015625 91.4420013427734375 91.35500335693359375 91.42600250244140625 91.49900054931640625 91.6490020751953125 91.78099822998046875 91.819000244140625 91.78299713134765625 91.80899810791015625 92.02100372314453125 92.115997314453125 91.96199798583984375 91.7180023193359375 91.45099639892578125 91.41300201416015625 91.68199920654296875 91.69699859619140625 91.4369964599609375 91.3119964599609375 91.31400299072265625 91.48200225830078125 91.7949981689453125 92.035003662109375 91.9530029296875 91.75099945068359375 91.322998046875 90.8509979248046875 90.3939971923828125 90.5319976806640625 91.20800018310546875
92.20400238037109375 92.14800262451171875 91.98799896240234375 91.6750030517578125 91.37799835205078125 91.2180023193359375 91.23799896240234375 91.37000274658203125 91.5500030517578125 91.7559967041015625 91.7610015869140625 91.490997314453125 91.2129974365234375 91.17800140380859375 91.33599853515625 91.40899658203125 91.61499786376953125 91.82599639892578125 91.8639984130859375 91.8119964599609375 91.805999755859375 92.02700042724609375 92.08699798583984375 91.927001953125 91.63700103759765625 91.36699676513671875 91.41699981689453125 91.57700347900390625 91.46199798583984375 91.28600311279296875 91.25499725341796875 91.35500335693359375 91.582000732421875 91.9530029296875 92.06500244140625 91.8820037841796875 91.628997802734375 91.30300140380859375 90.927001953125 90.6360015869140625 90.66300201416015625 91.13899993896484375
92.29399871826171875 92.28299713134765625 92.20999908447265625 92.09100341796875 91.47299957275390625 91.29599761962890625 91.2870025634765625 91.43000030517578125 91.542999267578125 91.72299957275390625 91.71600341796875 91.4250030517578125 91.141998291015625 91.12799835205078125 91.29900360107421875 91.3690032958984375 91.5189971923828125 91.7760009765625 91.88300323486328125 91.73799896240234375 91.802001953125 92.042999267578125 92.072998046875 91.9029998779296875 91.5839996337890625 91.34799957275390625 91.31400299072265625 91.3939971923828125 91.37999725341796875 91.22100067138671875 91.2389984130859375 91.39099884033203125 91.6399993896484375 91.98400115966796875 92.06099700927734375 91.878997802734375 91.6529998779296875 91.39099884033203125 91.03399658203125 90.6660003662109375 90.66699981689453125 91.18499755859375
92.31400299072265625 92.339996337890625 92.3339996337890625 92.1009979248046875 91.535003662109375 91.3860015869140625 91.44000244140625 91.5189971923828125 91.54799652099609375 91.68499755859375 91.6569976806640625 91.42600250244140625 91.233001708984375 91.16500091552734375 91.29799652099609375 91.34799957275390625 91.46900177001953125 91.71600341796875 91.85700225830078125 91.733001708984375 91.81500244140625 92.04799652099609375 92.035003662109375 91.82399749755859375 91.5410003662109375 91.35199737548828125 91.2740020751953125 91.2259979248046875 91.27100372314453125 91.2310028076171875 91.26799774169921875 91.39499664306640625 91.6439971923828125 92.00299835205078125 92.02899932861328125 91.80899810791015625 91.625 91.46900177001953125 91.1620025634765625 90.7779998779296875 90.7389984130859375 91.2429962158203125
92.27500152587890625 92.272003173828125 92.2819976806640625 92.0630035400390625 91.5110015869140625 91.427001953125 91.3820037841796875 91.3990020751953125 91.42400360107421875 91.52899932861328125 91.5500030517578125 91.42800140380859375 91.31500244140625 91.207000732421875 91.30999755859375 91.3430023193359375 91.45200347900390625 91.69100189208984375 91.84200286865234375 91.7440032958984375 91.84100341796875 92.04399871826171875 92.0110015869140625 91.80300140380859375 91.51599884033203125 91.3639984130859375 91.3990020751953125 91.3690032958984375 91.391998291015625 91.3170013427734375 91.30300140380859375 91.41300201416015625 91.6699981689453125 92.00800323486328125 91.96099853515625 91.7089996337890625 91.647003173828125 91.542999267578125 91.2559967041015625 90.871002197265625 90.8170013427734375 91.30100250244140625
92.23000335693359375 92.1999969482421875 92.15000152587890625 91.9029998779296875 91.40599822998046875 91.31600189208984375 91.2949981689453125 91.332000732421875 91.4160003662109375 91.49900054931640625 91.410003662109375 91.28900146484375 91.18900299072265625 91.1529998779296875 91.26300048828125 91.3209991455078125 91.46399688720703125 91.7350006103515625 91.83100128173828125 91.7389984130859375 91.85700225830078125 92.0370025634765625 91.99700164794921875 91.74900054931640625 91.410003662109375 91.3130035400390625 91.48200225830078125 91.5469970703125 91.46099853515625 91.37000274658203125 91.3430023193359375 91.47899627685546875 91.7089996337890625 91.947998046875 91.8690032958984375 91.73200225830078125 91.67800140380859375 91.5930023193359375 91.31099700927734375 90.930999755859375 90.92099761962890625 91.4250030517578125
92.3130035400390625 92.26000213623046875 92.21700286865234375 91.9199981689453125 91.42099761962890625 91.292999267578125 91.2969970703125 91.365997314453125 91.4530029296875 91.52700042724609375 91.397003173828125 91.23400115966796875 91.09100341796875 91.09200286865234375 91.214996337890625 91.3430023193359375 91.49900054931640625 91.7610015869140625 91.8509979248046875 91.740997314453125 91.8860015869140625 92.06600189208984375 91.99199676513671875 91.68000030517578125 91.36699676513671875 91.24500274658203125 91.48000335693359375 91.6139984130859375 91.48699951171875 91.40000152587890625 91.4120025634765625 91.55100250244140625 91.75499725341796875 91.96900177001953125 91.8600006103515625 91.707000732421875 91.70200347900390625 91.64099884033203125 91.3470001220703125 90.99700164794921875 91.0540008544921875 91.53299713134765625
92.397003173828125 92.3249969482421875 92.214996337890625 91.8809967041015625 91.39499664306640625 91.34600067138671875 91.37000274658203125 91.319000244140625 91.4329986572265625 91.51000213623046875 91.45099639892578125 91.41100311279296875 91.3000030517578125 91.214996337890625 91.305999755859375 91.3939971923828125 91.5879974365234375 92.16300201416015625 92.01999664306640625 91.76799774169921875 91.93900299072265625 92.0800018310546875 91.9940032958984375 91.70200347900390625 91.37799835205078125 91.2030029296875 91.3939971923828125 91.61100006103515625 91.5970001220703125 91.4980010986328125 91.4810028076171875 91.58499908447265625 91.7689971923828125 91.92600250244140625 91.8470001220703125 91.64099884033203125 91.60700225830078125 91.62400054931640625 91.37000274658203125 91.03600311279296875 91.18499755859375 91.647003173828125
92.3690032958984375 92.3209991455078125 92.2030029296875 91.78900146484375 91.3079986572265625 91.3040008544921875 91.34200286865234375 91.36499786376953125 91.522003173828125 91.50800323486328125 91.516998291015625 91.509002685546875 91.4069976806640625 91.27700042724609375 91.37999725341796875 91.477996826171875 91.7220001220703125 92.14600372314453125 92.016998291015625 91.8119964599609375 91.9929962158203125 92.1179962158203125 91.99199676513671875 91.7689971923828125 91.39299774169921875 91.22499847412109375 91.42099761962890625 91.59400177001953125 91.6490020751953125 91.58699798583984375 91.572998046875 91.628997802734375 91.87200164794921875 92.04199981689453125 91.8280029296875 91.535003662109375 91.4629974365234375 91.5670013427734375 91.3489990234375 91.089996337890625 91.305999755859375 91.727996826171875
92.08499908447265625 92.1620025634765625 92.05899810791015625 91.69100189208984375 91.322998046875 91.3990020751953125 91.39299774169921875 91.45400238037109375 91.65000152587890625 91.58100128173828125 91.61699676513671875 91.5800018310546875 91.3899993896484375 91.29799652099609375 91.43399810791015625 91.53800201416015625 91.7559967041015625 91.9810028076171875 91.88700103759765625 91.871002197265625 92.06999969482421875 92.1360015869140625 92.01999664306640625 91.79799652099609375 91.43499755859375 91.28299713134765625 91.44300079345703125 91.60900115966796875 91.677001953125 91.66699981689453125 91.6490020751953125 91.71700286865234375 91.9290008544921875 92.0319976806640625 91.7610015869140625 91.40000152587890625 91.4199981689453125 91.5469970703125 91.345001220703125 91.20099639892578125 91.477996826171875 91.79199981689453125
92.0839996337890625 92.11100006103515625 91.871002197265625 91.6569976806640625 91.36199951171875 91.40399932861328125 91.5800018310546875 91.68900299072265625 91.7180023193359375 91.6490020751953125 91.59999847412109375 91.641998291015625 91.55100250244140625 91.3860015869140625 91.48000335693359375 91.6179962158203125 91.819000244140625 91.9680023193359375 91.8899993896484375 91.9029998779296875 92.07900238037109375 92.147003173828125 92.00099945068359375 91.73799896240234375 91.4290008544921875 91.3170013427734375 91.43399810791015625 91.58100128173828125 91.680999755859375 91.694000244140625 91.66400146484375 91.75 91.9759979248046875 92.00499725341796875 91.64299774169921875 91.31800079345703125 91.41100311279296875 91.5469970703125 91.38300323486328125 91.3489990234375 91.61699676513671875 91.83899688720703125
