in/test_suite/Wilf/Scen016/top.asc
ncols        474
nrows        234
xllcorner    608012.032099999953
yllcorner    116220.737999999998
dx           3.996202531646
dy           3.999581623932
NODATA_value -9999
[rows 0 to 17 of 234, columns 126 to 167 of 474]
92.72899627685546875 92.52300262451171875 92.38500213623046875 91.9010009765625 91.55500030517578125 91.08100128173828125 90.65000152587890625 90.46099853515625 90.3899993896484375 90.24500274658203125 90.0070037841796875 89.73699951171875 89.72699737548828125 90.1399993896484375 90.970001220703125 91.46600341796875 91.96700286865234375 92.214996337890625 92.30100250244140625 92.34100341796875 92.41100311279296875 92.5149993896484375 92.5970001220703125 92.65899658203125 92.6660003662109375 92.70200347900390625 92.68000030517578125 92.64600372314453125 92.5930023193359375 92.5149993896484375 92.42800140380859375 92.3119964599609375 92.2649993896484375 92.23200225830078125 92.21099853515625 92.27700042724609375 92.36199951171875 92.4199981689453125 92.44499969482421875 92.3990020751953125 92.38500213623046875 92.3990020751953125
92.2480010986328125 92.13700103759765625 91.94000244140625 91.29900360107421875 90.930999755859375 90.542999267578125 90.20600128173828125 90.0279998779296875 89.8280029296875 89.7050018310546875 89.7310028076171875 89.77700042724609375 89.990997314453125 90.58899688720703125 91.33899688720703125 91.73400115966796875 92.0989990234375 92.31099700927734375 92.47499847412109375 92.5670013427734375 92.641998291015625 92.68000030517578125 92.69300079345703125 92.72899627685546875 92.71900177001953125 92.67600250244140625 92.6190032958984375 92.56099700927734375 92.4589996337890625 92.35900115966796875 92.26999664306640625 92.2350006103515625 92.2570037841796875 92.27700042724609375 92.34999847412109375 92.4160003662109375 92.5070037841796875 92.5670013427734375 92.4980010986328125 92.3600006103515625 92.2440032958984375 92.23699951171875
91.65899658203125 91.73699951171875 91.73000335693359375 91.22100067138671875 90.7689971923828125 90.09999847412109375 89.75299835205078125 89.6179962158203125 89.50499725341796875 89.53600311279296875 89.759002685546875 90.1660003662109375 90.7050018310546875 91.3280029296875 91.53800201416015625 92.0630035400390625 92.44300079345703125 92.56600189208984375 92.628997802734375 92.67099761962890625 92.6999969482421875 92.6999969482421875 92.71099853515625 92.67299652099609375 92.6569976806640625 92.602996826171875 92.51599884033203125 92.41500091552734375 92.30100250244140625 92.26300048828125 92.23799896240234375 92.26599884033203125 92.31400299072265625 92.3769989013671875 92.45099639892578125 92.5540008544921875 92.6399993896484375 92.61499786376953125 92.48000335693359375 92.285003662109375 92.147003173828125 92.15899658203125
91.2559967041015625 91.38300323486328125 91.58599853515625 91.82900238037109375 91.305999755859375 89.792999267578125 89.582000732421875 89.60700225830078125 89.62400054931640625 89.90000152587890625 90.31500244140625 90.930999755859375 91.30699920654296875 91.68199920654296875 92.18000030517578125 92.542999267578125 92.66400146484375 92.68399810791015625 92.6529998779296875 92.68900299072265625 92.71099853515625 92.69100189208984375 92.66899871826171875 92.60199737548828125 92.5240020751953125 92.4329986572265625 92.339996337890625 92.28900146484375 92.26200103759765625 92.29799652099609375 92.3300018310546875 92.358001708984375 92.45400238037109375 92.52899932861328125 92.5579986572265625 92.57700347900390625 92.52700042724609375 92.4629974365234375 92.3300018310546875 92.233001708984375 92.055999755859375 91.99199676513671875
90.97699737548828125 91.44699859619140625 91.5469970703125 91.5630035400390625 91.285003662109375 90.1399993896484375 89.67099761962890625 89.74900054931640625 90.07700347900390625 90.6060028076171875 91.02300262451171875 91.50800323486328125 91.9329986572265625 92.30999755859375 92.57199859619140625 92.69499969482421875 92.7129974365234375 92.68399810791015625 92.69699859619140625 92.6999969482421875 92.70400238037109375 92.641998291015625 92.5370025634765625 92.45800018310546875 92.35500335693359375 92.31600189208984375 92.32900238037109375 92.3379974365234375 92.38700103759765625 92.41699981689453125 92.45999908447265625 92.5319976806640625 92.65899658203125 92.68599700927734375 92.60399627685546875 92.4759979248046875 92.34200286865234375 92.23699951171875 92.20200347900390625 92.1490020751953125 91.970001220703125 91.917999267578125
91.2129974365234375 91.3339996337890625 91.4499969482421875 91.4980010986328125 91.42800140380859375 91.45800018310546875 91.26000213623046875 90.64499664306640625 91.12200164794921875 91.73600006103515625 92.09200286865234375 92.3249969482421875 92.42600250244140625 92.5149993896484375 92.595001220703125 92.677001953125 92.6999969482421875 92.7310028076171875 92.7350006103515625 92.6719970703125 92.6190032958984375 92.48699951171875 92.3820037841796875 92.31099700927734375 92.253997802734375 92.31600189208984375 92.37400054931640625 92.4069976806640625 92.5 92.595001220703125 92.6719970703125 92.68900299072265625 92.66300201416015625 92.58599853515625 92.42600250244140625 92.3130035400390625 92.24500274658203125 92.16699981689453125 92.05899810791015625 91.86699676513671875 91.7649993896484375 91.878997802734375
90.792999267578125 91.00800323486328125 91.38800048828125 91.62599945068359375 91.5709991455078125 91.80100250244140625 91.97699737548828125 91.6269989013671875 92.1719970703125 92.5410003662109375 92.5260009765625 92.55100250244140625 92.51999664306640625 92.5839996337890625 92.65200042724609375 92.66400146484375 92.70400238037109375 92.746002197265625 92.628997802734375 92.55100250244140625 92.45600128173828125 92.32900238037109375 92.285003662109375 92.33499908447265625 92.33100128173828125 92.3600006103515625 92.46199798583984375 92.5749969482421875 92.69499969482421875 92.73999786376953125 92.69100189208984375 92.58599853515625 92.4329986572265625 92.33499908447265625 92.2689971923828125 92.26399993896484375 92.13500213623046875 91.964996337890625 91.7910003662109375 91.6999969482421875 91.79199981689453125 91.970001220703125
90.66300201416015625 91.0579986572265625 91.17800140380859375 91.68599700927734375 91.66300201416015625 91.60500335693359375 91.80999755859375 92.0780029296875 92.46399688720703125 92.61499786376953125 92.54000091552734375 92.542999267578125 92.5749969482421875 92.62400054931640625 92.654998779296875 92.64800262451171875 92.61199951171875 92.535003662109375 92.44000244140625 92.34600067138671875 92.302001953125 92.32399749755859375 92.3690032958984375 92.41500091552734375 92.4199981689453125 92.54399871826171875 92.65899658203125 92.81099700927734375 92.81099700927734375 92.67099761962890625 92.47299957275390625 92.3470001220703125 92.26000213623046875 92.2310028076171875 92.21199798583984375 92.10700225830078125 91.87400054931640625 91.74500274658203125 91.72699737548828125 91.83499908447265625 92.00800323486328125 92.19000244140625
90.6660003662109375 90.90399932861328125 91.134002685546875 91.62200164794921875 91.91899871826171875 91.80500030517578125 91.92800140380859375 92.375 92.63899993896484375 92.6269989013671875 92.59799957275390625 92.60399627685546875 92.67299652099609375 92.68399810791015625 92.6399993896484375 92.59999847412109375 92.457000732421875 92.34400177001953125 92.302001953125 92.3130035400390625 92.34600067138671875 92.39800262451171875 92.4530029296875 92.5 92.6439971923828125 92.7239990234375 92.78099822998046875 92.740997314453125 92.55500030517578125 92.358001708984375 92.23400115966796875 92.214996337890625 92.19100189208984375 92.121002197265625 91.97100067138671875 91.73200225830078125 91.647003173828125 91.8040008544921875 91.95999908447265625 92.11499786376953125 92.29399871826171875 92.38800048828125
91.01599884033203125 91.5260009765625 92.0780029296875 92.26300048828125 92.1309967041015625 92.11299896240234375 92.0989990234375 92.40399932861328125 92.58300018310546875 92.66500091552734375 92.6490020751953125 92.69300079345703125 92.86299896240234375 92.71099853515625 92.49500274658203125 92.375 92.30500030517578125 92.2949981689453125 92.384002685546875 92.43499755859375 92.45400238037109375 92.5240020751953125 92.6309967041015625 92.759002685546875 92.77300262451171875 92.7050018310546875 92.5839996337890625 92.39499664306640625 92.23699951171875 92.1510009765625 92.13500213623046875 92.1510009765625 91.99700164794921875 91.8509979248046875 91.68900299072265625 91.697998046875 91.82900238037109375 92.06500244140625 92.2239990234375 92.34999847412109375 92.45200347900390625 92.48600006103515625
92.0500030517578125 92.3990020751953125 92.5189971923828125 92.5070037841796875 92.43000030517578125 92.37400054931640625 92.32599639892578125 92.44100189208984375 92.63700103759765625 92.707000732421875 92.63700103759765625 92.6100006103515625 92.55899810791015625 92.46099853515625 92.37200164794921875 92.3509979248046875 92.38899993896484375 92.41500091552734375 92.47100067138671875 92.53600311279296875 92.602996826171875 92.70800018310546875 92.875 92.81099700927734375 92.6320037841796875 92.45099639892578125 92.28900146484375 92.17099761962890625 92.12200164794921875 92.14600372314453125 92.11100006103515625 91.97100067138671875 91.7740020751953125 91.70099639892578125 91.7910003662109375 91.9680023193359375 92.18499755859375 92.4329986572265625 92.48699951171875 92.47899627685546875 92.444000244140625 92.378997802734375
92.48600006103515625 92.522003173828125 92.51300048828125 92.54199981689453125 92.70200347900390625 92.5540008544921875 92.57399749755859375 92.58300018310546875 92.694000244140625 92.69100189208984375 92.6569976806640625 92.4810028076171875 92.35700225830078125 92.28900146484375 92.35900115966796875 92.444000244140625 92.5240020751953125 92.5839996337890625 92.6399993896484375 92.76399993896484375 92.74500274658203125 92.6360015869140625 92.641998291015625 92.44899749755859375 92.30899810791015625 92.2440032958984375 92.147003173828125 92.11499786376953125 92.108001708984375 92.0149993896484375 91.82700347900390625 91.680999755859375 91.72899627685546875 91.8860015869140625 92.08599853515625 92.292999267578125 92.47699737548828125 92.56600189208984375 92.53299713134765625 92.43599700927734375 92.3489990234375 92.31099700927734375
92.522003173828125 92.53900146484375 92.54000091552734375 92.5879974365234375 92.78600311279296875 92.5930023193359375 92.59799957275390625 92.6399993896484375 92.68399810791015625 92.6569976806640625 92.60700225830078125 92.427001953125 92.33100128173828125 92.26000213623046875 92.42800140380859375 92.572998046875 92.67400360107421875 92.76200103759765625 92.8300018310546875 92.7969970703125 92.62599945068359375 92.42600250244140625 92.25299835205078125 92.21900177001953125 92.108001708984375 92.24700164794921875 92.1529998779296875 92.0749969482421875 91.91300201416015625 91.71199798583984375 91.68199920654296875 91.802001953125 91.97299957275390625 92.15200042724609375 92.34799957275390625 92.5240020751953125 92.57900238037109375 92.55300140380859375 92.45999908447265625 92.37400054931640625 92.33499908447265625 92.32700347900390625
92.5970001220703125 92.5839996337890625 92.5970001220703125 92.63300323486328125 92.697998046875 92.6439971923828125 92.457000732421875 92.52500152587890625 92.67299652099609375 92.65599822998046875 92.5780029296875 92.47299957275390625 92.5189971923828125 92.44899749755859375 92.6190032958984375 92.7220001220703125 92.76599884033203125 92.69000244140625 92.5469970703125 92.38899993896484375 92.18000030517578125 92.0709991455078125 92.11699676513671875 92.1060028076171875 92.19499969482421875 92.17099761962890625 92.00800323486328125 91.8000030517578125 91.72899627685546875 91.7779998779296875 91.9329986572265625 92.11499786376953125 92.32399749755859375 92.457000732421875 92.55899810791015625 92.56600189208984375 92.5260009765625 92.45099639892578125 92.384002685546875 92.35500335693359375 92.3769989013671875 92.37999725341796875
92.66100311279296875 92.628997802734375 92.5989990234375 92.5670013427734375 92.56999969482421875 92.55699920654296875 92.3679962158203125 92.483001708984375 92.677001953125 92.69100189208984375 92.64099884033203125 92.5879974365234375 92.727996826171875 92.70400238037109375 92.759002685546875 92.71399688720703125 92.56500244140625 92.33899688720703125 92.125 92.05899810791015625 92.03600311279296875 92.09100341796875 92.12599945068359375 92.1510009765625 92.11299896240234375 91.8769989013671875 91.74199676513671875 91.75099945068359375 91.91100311279296875 92.108001708984375 92.2819976806640625 92.483001708984375 92.60900115966796875 92.61699676513671875 92.5469970703125 92.5110015869140625 92.45099639892578125 92.38700103759765625 92.3690032958984375 92.41300201416015625 92.444000244140625 92.39099884033203125
92.5709991455078125 92.522003173828125 92.49900054931640625 92.53299713134765625 92.5019989013671875 92.39800262451171875 92.36100006103515625 92.572998046875 92.65200042724609375 92.68399810791015625 92.6490020751953125 92.64299774169921875 92.720001220703125 92.7570037841796875 92.56400299072265625 92.32599639892578125 92.095001220703125 91.93399810791015625 91.9290008544921875 92.04199981689453125 92.10900115966796875 92.1190032958984375 92.12400054931640625 91.97299957275390625 91.73999786376953125 91.7310028076171875 91.81800079345703125 91.970001220703125 92.2030029296875 92.3990020751953125 92.5630035400390625 92.64800262451171875 92.62200164794921875 92.5749969482421875 92.54900360107421875 92.48000335693359375 92.430999755859375 92.40899658203125 92.4329986572265625 92.4550018310546875 92.40399932861328125 92.22899627685546875
92.51300048828125 92.4329986572265625 92.3990020751953125 92.4550018310546875 92.4420013427734375 92.33699798583984375 92.43900299072265625 92.55999755859375 92.654998779296875 92.714996337890625 92.6490020751953125 92.58499908447265625 92.4810028076171875 92.33100128173828125 92.12200164794921875 91.95999908447265625 91.93399810791015625 91.96600341796875 92.05100250244140625 92.11299896240234375 92.1569976806640625 92.05500030517578125 91.8730010986328125 91.759002685546875 91.74900054931640625 91.91500091552734375 92.07900238037109375 92.2570037841796875 92.42600250244140625 92.57700347900390625 92.61299896240234375 92.60199737548828125 92.5709991455078125 92.516998291015625 92.49700164794921875 92.4889984130859375 92.4850006103515625 92.483001708984375 92.430999755859375 92.2949981689453125 92.125 91.9290008544921875
92.384002685546875 92.3280029296875 92.2969970703125 92.365997314453125 92.39499664306640625 92.4029998779296875 92.4499969482421875 92.4680023193359375 92.569000244140625 92.6869964599609375 92.57700347900390625 92.48600006103515625 92.24700164794921875 92.0410003662109375 91.94000244140625 91.97299957275390625 92.009002685546875 92.04199981689453125 92.1060028076171875 92.1100006103515625 91.9369964599609375 91.8000030517578125 91.80899810791015625 91.89499664306640625 92.04000091552734375 92.25099945068359375 92.36199951171875 92.4499969482421875 92.55500030517578125 92.55899810791015625 92.57700347900390625 92.54599761962890625 92.503997802734375 92.46399688720703125 92.49500274658203125 92.522003173828125 92.4759979248046875 92.3600006103515625 92.197998046875 92.0070037841796875 91.858001708984375 91.8379974365234375
