in/test_suite/Wilf/Scen016/top.asc
ncols        474
nrows        234
xllcorner    608012.032099999953
yllcorner    116220.737999999998
dx           3.996202531646
dy           3.999581623932
NODATA_value -9999
[rows 54 to 71 of 234, columns 294 to 335 of 474]
91.86699676513671875 91.99500274658203125 91.865997314453125 91.76300048828125 91.78399658203125 91.8209991455078125 91.87799835205078125 91.625 91.625 91.7389984130859375 91.77100372314453125 91.69100189208984375 91.5019989013671875 91.4850006103515625 91.40200042724609375 91.44000244140625 91.5749969482421875 91.7089996337890625 91.875 91.93900299072265625 92.0469970703125 92.34100341796875 92.35199737548828125 92.02300262451171875 91.8560028076171875 91.75499725341796875 91.6829986572265625 91.6230010986328125 91.5449981689453125 91.53099822998046875 91.45800018310546875 91.41100311279296875 91.384002685546875 91.43900299072265625 91.50299835205078125 91.522003173828125 91.53900146484375 91.5879974365234375 91.69499969482421875 91.70099639892578125 91.7559967041015625 91.78099822998046875
91.87200164794921875 91.904998779296875 91.91100311279296875 91.80899810791015625 91.7910003662109375 91.76200103759765625 91.71600341796875 91.62999725341796875 91.70999908447265625 91.77100372314453125 91.77700042724609375 91.70400238037109375 91.602996826171875 91.60900115966796875 91.64600372314453125 91.582000732421875 91.58499908447265625 91.7030029296875 91.832000732421875 92.07700347900390625 92.2689971923828125 92.41500091552734375 92.2559967041015625 91.96399688720703125 91.80999755859375 91.73200225830078125 91.64499664306640625 91.5780029296875 91.54399871826171875 91.52899932861328125 91.49199676513671875 91.45800018310546875 91.42600250244140625 91.4589996337890625 91.51000213623046875 91.53299713134765625 91.53299713134765625 91.5780029296875 91.68499755859375 91.7559967041015625 91.7760009765625 91.8430023193359375
91.83699798583984375 91.79199981689453125 91.82399749755859375 91.8130035400390625 91.802001953125 91.71399688720703125 91.63300323486328125 91.66899871826171875 91.72499847412109375 91.7910003662109375 91.68499755859375 91.62400054931640625 91.5449981689453125 91.6190032958984375 91.77300262451171875 91.81600189208984375 91.71099853515625 91.7310028076171875 91.94699859619140625 92.2870025634765625 92.430999755859375 92.4029998779296875 92.13899993896484375 92.05899810791015625 91.7949981689453125 91.6569976806640625 91.56400299072265625 91.516998291015625 91.51300048828125 91.53099822998046875 91.53099822998046875 91.5240020751953125 91.51599884033203125 91.5059967041015625 91.552001953125 91.59600067138671875 91.56400299072265625 91.5879974365234375 91.660003662109375 91.76799774169921875 91.8170013427734375 91.89499664306640625
91.81999969482421875 91.697998046875 91.68399810791015625 91.7969970703125 91.7760009765625 91.72100067138671875 91.67800140380859375 91.72100067138671875 91.91300201416015625 91.9029998779296875 91.6490020751953125 91.5930023193359375 91.62400054931640625 91.7030029296875 91.87400054931640625 91.94000244140625 91.878997802734375 91.884002685546875 92.06500244140625 92.32399749755859375 92.457000732421875 92.28299713134765625 92.1320037841796875 91.9380035400390625 91.727996826171875 91.6009979248046875 91.53900146484375 91.46600341796875 91.47499847412109375 91.54399871826171875 91.5749969482421875 91.56600189208984375 91.61299896240234375 91.6529998779296875 91.71700286865234375 91.7429962158203125 91.66899871826171875 91.677001953125 91.7129974365234375 91.79799652099609375 91.878997802734375 91.93599700927734375
91.8079986572265625 91.680999755859375 91.6569976806640625 91.8079986572265625 91.8040008544921875 91.8509979248046875 91.64800262451171875 91.595001220703125 91.80300140380859375 91.83499908447265625 91.67400360107421875 91.60900115966796875 91.61499786376953125 91.81999969482421875 92.01799774169921875 91.96700286865234375 91.897003173828125 91.897003173828125 92.09100341796875 92.4420013427734375 92.38899993896484375 92.1009979248046875 92.04000091552734375 91.8560028076171875 91.71099853515625 91.56999969482421875 91.52700042724609375 91.47299957275390625 91.49700164794921875 91.55899810791015625 91.589996337890625 91.59999847412109375 91.6829986572265625 91.740997314453125 91.79000091552734375 91.80899810791015625 91.75299835205078125 91.76599884033203125 91.82399749755859375 91.87599945068359375 91.9530029296875 92.00499725341796875
91.78099822998046875 91.73999786376953125 91.79799652099609375 91.7649993896484375 91.76599884033203125 91.78099822998046875 91.694000244140625 91.6269989013671875 91.6959991455078125 91.852996826171875 91.6829986572265625 91.55699920654296875 91.63300323486328125 91.82900238037109375 91.9739990234375 92.00499725341796875 92.0019989013671875 92.016998291015625 92.37799835205078125 92.47499847412109375 92.24700164794921875 92.08599853515625 91.983001708984375 91.8209991455078125 91.7050018310546875 91.61199951171875 91.52500152587890625 91.46900177001953125 91.51599884033203125 91.5879974365234375 91.61499786376953125 91.69000244140625 91.7129974365234375 91.740997314453125 91.75 91.75499725341796875 91.746002197265625 91.81400299072265625 91.85900115966796875 91.9069976806640625 92.0059967041015625 92.04199981689453125
91.70099639892578125 91.61199951171875 91.73699951171875 91.71099853515625 91.68000030517578125 91.62599945068359375 91.6179962158203125 91.483001708984375 91.5070037841796875 91.6009979248046875 91.58599853515625 91.6869964599609375 91.77500152587890625 91.87000274658203125 91.8560028076171875 91.9980010986328125 92.08499908447265625 92.285003662109375 92.48000335693359375 92.41899871826171875 92.21700286865234375 92.07700347900390625 91.9629974365234375 91.84799957275390625 91.71600341796875 91.615997314453125 91.5449981689453125 91.4929962158203125 91.55999755859375 91.6790008544921875 91.714996337890625 91.70600128173828125 91.72100067138671875 91.76799774169921875 91.74900054931640625 91.71399688720703125 91.70099639892578125 91.7649993896484375 91.86100006103515625 91.92800140380859375 92.00499725341796875 92.1009979248046875
91.63700103759765625 91.56600189208984375 91.60900115966796875 91.7129974365234375 91.7779998779296875 91.62000274658203125 91.5670013427734375 91.53399658203125 91.51200103759765625 91.625 91.63500213623046875 91.78800201416015625 91.83899688720703125 91.8730010986328125 91.875 91.95600128173828125 92.1829986572265625 92.45400238037109375 92.53800201416015625 92.29199981689453125 92.36499786376953125 92.14299774169921875 91.9739990234375 91.897003173828125 91.80899810791015625 91.73400115966796875 91.64499664306640625 91.63700103759765625 91.72100067138671875 91.78600311279296875 91.75800323486328125 91.72899627685546875 91.77700042724609375 91.83300018310546875 91.81999969482421875 91.74900054931640625 91.7350006103515625 91.7870025634765625 91.858001708984375 91.970001220703125 92.05500030517578125 92.147003173828125
91.77500152587890625 91.64600372314453125 91.55300140380859375 91.68199920654296875 91.7310028076171875 91.5630035400390625 91.410003662109375 91.589996337890625 91.61199951171875 91.7089996337890625 91.50099945068359375 91.70400238037109375 91.7910003662109375 91.8119964599609375 91.8339996337890625 91.98999786376953125 92.37599945068359375 92.52700042724609375 92.41699981689453125 92.2180023193359375 92.194000244140625 92.1139984130859375 92.0579986572265625 92.0319976806640625 91.9680023193359375 91.91699981689453125 91.86100006103515625 91.83300018310546875 91.86199951171875 91.839996337890625 91.80100250244140625 91.77300262451171875 91.8249969482421875 91.8860015869140625 91.87799835205078125 91.81999969482421875 91.82399749755859375 91.832000732421875 91.8809967041015625 91.95200347900390625 92.07599639892578125 92.1829986572265625
91.83699798583984375 91.746002197265625 91.6269989013671875 91.78800201416015625 91.69699859619140625 91.595001220703125 91.48600006103515625 91.65899658203125 91.72100067138671875 91.96199798583984375 91.8899993896484375 91.86699676513671875 91.845001220703125 91.82700347900390625 92.12400054931640625 92.3280029296875 92.4940032958984375 92.50099945068359375 92.3690032958984375 92.266998291015625 92.1869964599609375 92.141998291015625 92.1510009765625 92.17299652099609375 92.1490020751953125 92.08100128173828125 92.05300140380859375 92.0410003662109375 91.97100067138671875 91.91400146484375 91.8560028076171875 91.84799957275390625 91.88700103759765625 91.91400146484375 91.90899658203125 91.89600372314453125 91.87999725341796875 91.89499664306640625 91.90799713134765625 91.96099853515625 92.1009979248046875 92.22699737548828125
92.016998291015625 91.89800262451171875 91.76999664306640625 91.8489990234375 91.8170013427734375 91.74700164794921875 91.7089996337890625 91.81600189208984375 91.9010009765625 92.11299896240234375 92.253997802734375 92.17600250244140625 92.13800048828125 92.24199676513671875 92.43399810791015625 92.49500274658203125 92.490997314453125 92.3690032958984375 92.339996337890625 92.29599761962890625 92.23999786376953125 92.2310028076171875 92.23000335693359375 92.26000213623046875 92.27300262451171875 92.28600311279296875 92.4329986572265625 92.4589996337890625 92.233001708984375 92.01000213623046875 91.9069976806640625 91.9120025634765625 91.93900299072265625 91.96399688720703125 91.96199798583984375 91.95999908447265625 91.94899749755859375 91.95099639892578125 91.9629974365234375 92.042999267578125 92.12400054931640625 92.279998779296875
92.0260009765625 91.95200347900390625 91.89299774169921875 91.90200042724609375 92.02500152587890625 92.1699981689453125 92.3209991455078125 92.4810028076171875 92.33499908447265625 92.3339996337890625 92.4160003662109375 92.46600341796875 92.4589996337890625 92.5240020751953125 92.5189971923828125 92.45600128173828125 92.3679962158203125 92.33300018310546875 92.34100341796875 92.31600189208984375 92.2689971923828125 92.29199981689453125 92.35700225830078125 92.38500213623046875 92.5070037841796875 92.6750030517578125 92.6719970703125 92.634002685546875 92.53099822998046875 92.3079986572265625 92.0240020751953125 92.0019989013671875 92.0240020751953125 92.0240020751953125 92.03299713134765625 92.04399871826171875 92.022003173828125 92.04900360107421875 92.05100250244140625 92.08699798583984375 92.2030029296875 92.302001953125
92.20400238037109375 92.15899658203125 92.06400299072265625 92.147003173828125 92.12200164794921875 92.3899993896484375 92.37000274658203125 92.35500335693359375 92.35500335693359375 92.3679962158203125 92.4629974365234375 92.5630035400390625 92.5839996337890625 92.5449981689453125 92.44000244140625 92.3679962158203125 92.319000244140625 92.30500030517578125 92.2819976806640625 92.285003662109375 92.2870025634765625 92.3300018310546875 92.41899871826171875 92.48699951171875 92.56800079345703125 92.6660003662109375 92.7570037841796875 92.6399993896484375 92.60700225830078125 92.45800018310546875 92.1510009765625 92.1320037841796875 92.12400054931640625 92.1269989013671875 92.11299896240234375 92.11499786376953125 92.14499664306640625 92.13300323486328125 92.13300323486328125 92.19000244140625 92.27300262451171875 92.3470001220703125
92.44300079345703125 92.43900299072265625 92.42099761962890625 92.4499969482421875 92.42800140380859375 92.46199798583984375 92.4589996337890625 92.45999908447265625 92.47299957275390625 92.496002197265625 92.5279998779296875 92.54399871826171875 92.52700042724609375 92.46199798583984375 92.3820037841796875 92.292999267578125 92.26000213623046875 92.2570037841796875 92.2819976806640625 92.28800201416015625 92.32399749755859375 92.371002197265625 92.44499969482421875 92.54399871826171875 92.56600189208984375 92.67800140380859375 92.98200225830078125 92.9380035400390625 92.572998046875 92.45099639892578125 92.25499725341796875 92.240997314453125 92.2310028076171875 92.20400238037109375 92.16899871826171875 92.194000244140625 92.22899627685546875 92.2480010986328125 92.28800201416015625 92.29799652099609375 92.2969970703125 92.31099700927734375
92.62400054931640625 92.70200347900390625 92.6999969482421875 92.6829986572265625 92.6490020751953125 92.59200286865234375 92.55500030517578125 92.496002197265625 92.4120025634765625 92.35199737548828125 92.32700347900390625 92.28399658203125 92.19499969482421875 92.2740020751953125 92.28399658203125 92.2689971923828125 92.302001953125 92.33699798583984375 92.3130035400390625 92.322998046875 92.352996826171875 92.3809967041015625 92.4629974365234375 92.490997314453125 92.48799896240234375 92.66300201416015625 92.90599822998046875 92.88300323486328125 92.6009979248046875 92.4980010986328125 92.29399871826171875 92.27899932861328125 92.31999969482421875 92.272003173828125 92.2220001220703125 92.22100067138671875 92.27100372314453125 92.30999755859375 92.29900360107421875 92.266998291015625 92.13500213623046875 91.96600341796875
92.71700286865234375 92.7220001220703125 92.67099761962890625 92.6139984130859375 92.59600067138671875 92.5449981689453125 92.46099853515625 92.3990020751953125 92.30300140380859375 92.20400238037109375 92.121002197265625 92.0469970703125 92.009002685546875 92.05300140380859375 92.20999908447265625 92.28099822998046875 92.319000244140625 92.3600006103515625 92.3509979248046875 92.352996826171875 92.3600006103515625 92.391998291015625 92.4420013427734375 92.5149993896484375 92.5319976806640625 92.55500030517578125 92.694000244140625 92.65399932861328125 92.5780029296875 92.4420013427734375 92.29000091552734375 92.21199798583984375 92.25499725341796875 92.2429962158203125 92.19300079345703125 92.1269989013671875 92.11299896240234375 92.06400299072265625 92.01300048828125 91.9889984130859375 91.82700347900390625 91.68900299072265625
92.66400146484375 92.68199920654296875 92.68900299072265625 92.654998779296875 92.63800048828125 92.6139984130859375 92.54199981689453125 92.4380035400390625 92.33599853515625 92.2389984130859375 92.115997314453125 92.03399658203125 92.0149993896484375 92.05899810791015625 92.16899871826171875 92.29900360107421875 92.3130035400390625 92.339996337890625 92.3489990234375 92.36100006103515625 92.3639984130859375 92.3809967041015625 92.39499664306640625 92.4290008544921875 92.55100250244140625 92.6179962158203125 92.60700225830078125 92.5800018310546875 92.48999786376953125 92.31999969482421875 92.214996337890625 92.108001708984375 92.11499786376953125 92.0800018310546875 92.042999267578125 91.94000244140625 91.86499786376953125 91.80500030517578125 91.76999664306640625 91.79199981689453125 91.6920013427734375 91.58699798583984375
92.70600128173828125 92.720001220703125 92.7129974365234375 92.7089996337890625 92.71900177001953125 92.6869964599609375 92.61199951171875 92.52100372314453125 92.4120025634765625 92.2570037841796875 92.13899993896484375 92.0449981689453125 92.05500030517578125 92.09200286865234375 92.16699981689453125 92.26599884033203125 92.292999267578125 92.305999755859375 92.34600067138671875 92.332000732421875 92.34799957275390625 92.365997314453125 92.3769989013671875 92.39499664306640625 92.404998779296875 92.5110015869140625 92.48400115966796875 92.43199920654296875 92.322998046875 92.2429962158203125 92.13700103759765625 92.03099822998046875 91.95999908447265625 91.930999755859375 91.9029998779296875 91.7649993896484375 91.67800140380859375 91.6620025634765625 91.67400360107421875 91.7689971923828125 91.7180023193359375 91.6750030517578125
