in/test_suite/Wilf/Scen016/top.asc
ncols        474
nrows        234
xllcorner    608012.032099999953
yllcorner    116220.737999999998
dx           3.996202531646
dy           3.999581623932
NODATA_value -9999
[rows 108 to 125 of 234, columns 126 to 167 of 474]
92.53299713134765625 92.535003662109375 92.503997802734375 92.43399810791015625 92.38899993896484375 92.36699676513671875 92.36199951171875 92.339996337890625 92.352996826171875 92.41100311279296875 92.4940032958984375 92.56400299072265625 92.52899932861328125 92.47299957275390625 92.5279998779296875 92.54399871826171875 92.595001220703125 92.58599853515625 92.57700347900390625 92.60199737548828125 92.582000732421875 90.04000091552734375 84.4250030517578125 92.496002197265625 92.4459991455078125 92.43599700927734375 92.42099761962890625 92.4010009765625 92.3639984130859375 92.3339996337890625 92.345001220703125 92.319000244140625 92.31600189208984375 92.2760009765625 92.27899932861328125 92.253997802734375 92.220001220703125 92.26300048828125 92.30100250244140625 92.2689971923828125 92.26799774169921875 92.29900360107421875
92.55300140380859375 92.56600189208984375 92.49700164794921875 92.45099639892578125 92.444000244140625 92.4329986572265625 92.4219970703125 92.41300201416015625 92.447998046875 92.47899627685546875 92.43399810791015625 92.4459991455078125 92.47299957275390625 92.46700286865234375 92.49500274658203125 92.5540008544921875 92.56600189208984375 92.569000244140625 92.55300140380859375 92.595001220703125 92.60199737548828125 92.5370025634765625 91.79199981689453125 92.477996826171875 92.444000244140625 92.4329986572265625 92.43900299072265625 92.41400146484375 92.391998291015625 92.35700225830078125 92.36199951171875 92.34799957275390625 92.31099700927734375 92.319000244140625 92.26399993896484375 92.27500152587890625 92.32700347900390625 92.2310028076171875 92.21700286865234375 92.240997314453125 92.22899627685546875 92.25299835205078125
92.5260009765625 92.55999755859375 92.51300048828125 92.444000244140625 92.45800018310546875 92.4530029296875 92.41699981689453125 92.430999755859375 92.48999786376953125 92.4739990234375 92.4219970703125 92.39499664306640625 92.40399932861328125 92.42800140380859375 92.46399688720703125 92.516998291015625 92.55300140380859375 92.54399871826171875 92.4889984130859375 92.56600189208984375 92.5930023193359375 92.5839996337890625 92.51799774169921875 92.46399688720703125 92.41699981689453125 92.40899658203125 92.430999755859375 92.44100189208984375 92.44699859619140625 92.4219970703125 92.31999969482421875 92.24900054931640625 92.21099853515625 92.2480010986328125 92.27899932861328125 92.32399749755859375 92.2740020751953125 92.23200225830078125 92.22499847412109375 92.1750030517578125 92.207000732421875 92.2480010986328125
92.54199981689453125 92.5619964599609375 92.49700164794921875 92.43499755859375 92.5189971923828125 92.45600128173828125 92.4219970703125 92.45999908447265625 92.535003662109375 92.53800201416015625 92.46900177001953125 92.39499664306640625 92.4290008544921875 92.4530029296875 92.46900177001953125 92.46600341796875 92.51000213623046875 92.5619964599609375 92.55100250244140625 92.55699920654296875 92.56600189208984375 92.5070037841796875 92.47499847412109375 92.46900177001953125 92.4369964599609375 92.4369964599609375 92.44899749755859375 92.37400054931640625 92.30500030517578125 92.29799652099609375 92.27300262451171875 92.2689971923828125 92.27100372314453125 92.2870025634765625 92.292999267578125 92.332000732421875 92.3209991455078125 92.3209991455078125 92.35900115966796875 92.279998779296875 92.1999969482421875 92.2030029296875
92.55100250244140625 92.55500030517578125 92.496002197265625 92.42400360107421875 92.44899749755859375 92.45800018310546875 92.44899749755859375 92.470001220703125 92.56600189208984375 92.5059967041015625 92.430999755859375 92.43499755859375 92.41500091552734375 92.4499969482421875 92.509002685546875 92.47299957275390625 92.457000732421875 92.47499847412109375 92.49700164794921875 92.490997314453125 92.48600006103515625 92.48000335693359375 92.4889984130859375 92.46399688720703125 92.41699981689453125 92.3769989013671875 92.352996826171875 92.30999755859375 92.319000244140625 92.33599853515625 92.31500244140625 92.3079986572265625 92.32900238037109375 92.35700225830078125 92.36199951171875 92.3639984130859375 92.3730010986328125 92.4069976806640625 92.38700103759765625 92.27500152587890625 92.1880035400390625 92.1829986572265625
92.54199981689453125 92.54599761962890625 92.4759979248046875 92.42400360107421875 92.4420013427734375 92.457000732421875 92.4459991455078125 92.42400360107421875 92.4550018310546875 92.48000335693359375 92.509002685546875 92.496002197265625 92.48799896240234375 92.54599761962890625 92.51000213623046875 92.51799774169921875 92.53900146484375 92.54000091552734375 92.5110015869140625 92.49500274658203125 92.503997802734375 92.4459991455078125 92.40899658203125 92.37400054931640625 92.3600006103515625 92.3769989013671875 92.38700103759765625 92.375 92.37000274658203125 92.4010009765625 92.41300201416015625 92.4160003662109375 92.44499969482421875 92.45600128173828125 92.4120025634765625 92.40200042724609375 92.39099884033203125 92.339996337890625 92.272003173828125 92.197998046875 92.2180023193359375 92.21399688720703125
92.54199981689453125 92.55300140380859375 92.4850006103515625 92.42400360107421875 92.4530029296875 92.44899749755859375 92.46900177001953125 92.46399688720703125 92.4530029296875 92.52100372314453125 92.5970001220703125 92.555999755859375 92.54799652099609375 92.516998291015625 92.5240020751953125 92.5749969482421875 92.55500030517578125 92.5370025634765625 92.41400146484375 92.41300201416015625 92.38899993896484375 92.40599822998046875 92.44699859619140625 92.4199981689453125 92.40200042724609375 92.4010009765625 92.44899749755859375 92.49500274658203125 92.496002197265625 92.47299957275390625 92.44899749755859375 92.46099853515625 92.47699737548828125 92.470001220703125 92.43499755859375 92.42099761962890625 92.39499664306640625 92.34200286865234375 92.22100067138671875 92.2519989013671875 92.23699951171875 92.22899627685546875
92.42800140380859375 92.41899871826171875 92.4380035400390625 92.41699981689453125 92.46199798583984375 92.48200225830078125 92.47499847412109375 92.47699737548828125 92.4530029296875 92.5149993896484375 92.5780029296875 92.5370025634765625 92.54199981689453125 92.54399871826171875 92.54799652099609375 92.509002685546875 92.457000732421875 92.42099761962890625 92.352996826171875 92.37999725341796875 92.40599822998046875 92.41500091552734375 92.4329986572265625 92.45999908447265625 92.54900360107421875 92.55500030517578125 92.5410003662109375 92.5410003662109375 92.51799774169921875 92.47299957275390625 92.50499725341796875 92.5240020751953125 92.5 92.52300262451171875 92.46700286865234375 92.43900299072265625 92.4120025634765625 92.38500213623046875 92.2519989013671875 92.23999786376953125 92.25299835205078125 92.26200103759765625
92.39299774169921875 92.39299774169921875 92.41500091552734375 92.39499664306640625 92.4530029296875 92.46900177001953125 92.4530029296875 92.4530029296875 92.48200225830078125 92.54599761962890625 92.582000732421875 92.5579986572265625 92.53900146484375 92.5149993896484375 92.44000244140625 92.41500091552734375 92.4219970703125 92.41699981689453125 92.457000732421875 92.4290008544921875 92.4420013427734375 92.53600311279296875 92.6060028076171875 92.5879974365234375 92.5469970703125 92.5189971923828125 92.4940032958984375 92.483001708984375 92.45600128173828125 92.45099639892578125 92.44899749755859375 92.43000030517578125 92.427001953125 92.42299652099609375 92.41300201416015625 92.41100311279296875 92.3809967041015625 92.3939971923828125 92.2779998779296875 92.292999267578125 92.285003662109375 92.27300262451171875
92.42600250244140625 92.40200042724609375 92.40399932861328125 92.41100311279296875 92.595001220703125 92.6179962158203125 92.595001220703125 92.61699676513671875 92.6309967041015625 92.595001220703125 92.55300140380859375 92.516998291015625 92.5059967041015625 92.4889984130859375 92.5019989013671875 92.49900054931640625 92.49500274658203125 92.52700042724609375 92.59100341796875 92.680999755859375 92.714996337890625 92.68900299072265625 92.68000030517578125 92.6269989013671875 92.5800018310546875 92.5800018310546875 92.56400299072265625 92.54399871826171875 92.54199981689453125 92.53600311279296875 92.5240020751953125 92.5240020751953125 92.5240020751953125 92.522003173828125 92.5240020751953125 92.51599884033203125 92.496002197265625 92.477996826171875 92.29599761962890625 92.29900360107421875 92.3040008544921875 92.3000030517578125
92.41899871826171875 92.37799835205078125 92.3690032958984375 92.5070037841796875 92.65899658203125 92.62799835205078125 92.569000244140625 92.5670013427734375 92.54599761962890625 92.53800201416015625 92.57700347900390625 92.5749969482421875 92.54399871826171875 92.54900360107421875 92.55999755859375 92.60500335693359375 92.68000030517578125 92.740997314453125 92.6750030517578125 92.69300079345703125 92.68199920654296875 92.660003662109375 92.6490020751953125 92.6490020751953125 92.641998291015625 92.61299896240234375 92.5970001220703125 92.5930023193359375 92.572998046875 92.572998046875 92.55100250244140625 92.54199981689453125 92.54000091552734375 92.522003173828125 92.5019989013671875 92.5 92.47699737548828125 92.4499969482421875 92.31099700927734375 92.3000030517578125 92.3130035400390625 92.339996337890625
92.33300018310546875 92.34600067138671875 92.37999725341796875 92.55899810791015625 92.60500335693359375 92.58899688720703125 92.58599853515625 92.569000244140625 92.56500244140625 92.56800079345703125 92.60700225830078125 92.60199737548828125 92.625 92.68199920654296875 92.75499725341796875 92.76000213623046875 92.727996826171875 92.7220001220703125 92.654998779296875 92.6569976806640625 92.6399993896484375 92.61499786376953125 92.5749969482421875 92.56400299072265625 92.55300140380859375 92.5240020751953125 92.5240020751953125 92.503997802734375 92.48200225830078125 92.46399688720703125 92.4380035400390625 92.40799713134765625 92.42600250244140625 92.42400360107421875 92.40599822998046875 92.39499664306640625 92.35900115966796875 92.33499908447265625 92.33100128173828125 92.33100128173828125 92.33499908447265625 92.371002197265625
92.3170013427734375 92.427001953125 92.6230010986328125 92.6529998779296875 92.62000274658203125 92.63300323486328125 92.628997802734375 92.628997802734375 92.61299896240234375 92.595001220703125 92.654998779296875 92.727996826171875 92.7570037841796875 92.77700042724609375 92.74900054931640625 92.7310028076171875 92.707000732421875 92.6490020751953125 92.5839996337890625 92.572998046875 92.535003662109375 92.51999664306640625 92.49700164794921875 92.47699737548828125 92.47499847412109375 92.4550018310546875 92.444000244140625 92.4329986572265625 92.4290008544921875 92.4199981689453125 92.4069976806640625 92.40599822998046875 92.40899658203125 92.39499664306640625 92.39600372314453125 92.3860015869140625 92.3639984130859375 92.3639984130859375 92.3690032958984375 92.3690032958984375 92.39499664306640625 92.43599700927734375
92.66899871826171875 92.7480010986328125 92.70400238037109375 92.69300079345703125 92.70400238037109375 92.68000030517578125 92.654998779296875 92.68900299072265625 92.7129974365234375 92.67099761962890625 92.6060028076171875 92.61499786376953125 92.595001220703125 92.58699798583984375 92.57700347900390625 92.5930023193359375 92.5839996337890625 92.5780029296875 92.5839996337890625 92.5839996337890625 92.57700347900390625 92.555999755859375 92.54399871826171875 92.54399871826171875 92.5240020751953125 92.51300048828125 92.503997802734375 92.503997802734375 92.503997802734375 92.5019989013671875 92.48400115966796875 92.47699737548828125 92.4759979248046875 92.47699737548828125 92.46399688720703125 92.44699859619140625 92.4369964599609375 92.444000244140625 92.4369964599609375 92.43499755859375 92.4530029296875 92.49700164794921875
92.84600067138671875 92.852996826171875 92.82700347900390625 92.71700286865234375 92.74700164794921875 92.76399993896484375 92.7570037841796875 92.7649993896484375 92.746002197265625 92.71700286865234375 92.66400146484375 92.66400146484375 92.67099761962890625 92.654998779296875 92.6510009765625 92.6439971923828125 92.66400146484375 92.6620025634765625 92.66400146484375 92.66400146484375 92.6510009765625 92.6439971923828125 92.62200164794921875 92.62000274658203125 92.60399627685546875 92.60199737548828125 92.60399627685546875 92.60199737548828125 92.59999847412109375 92.59999847412109375 92.5800018310546875 92.57599639892578125 92.5619964599609375 92.55999755859375 92.55100250244140625 92.5240020751953125 92.54000091552734375 92.516998291015625 92.503997802734375 92.49500274658203125 92.51300048828125 92.55699920654296875
92.91100311279296875 92.84400177001953125 92.80500030517578125 92.78399658203125 92.7760009765625 92.7969970703125 92.8249969482421875 92.76000213623046875 92.76399993896484375 92.76599884033203125 92.7570037841796875 92.76399993896484375 92.76399993896484375 92.7440032958984375 92.746002197265625 92.75099945068359375 92.76000213623046875 92.74700164794921875 92.75299835205078125 92.74199676513671875 92.72699737548828125 92.733001708984375 92.71700286865234375 92.71700286865234375 92.70400238037109375 92.69300079345703125 92.68399810791015625 92.6869964599609375 92.68399810791015625 92.66699981689453125 92.654998779296875 92.654998779296875 92.6569976806640625 92.63700103759765625 92.6269989013671875 92.60700225830078125 92.58899688720703125 92.5970001220703125 92.57700347900390625 92.56400299072265625 92.5619964599609375 92.60900115966796875
92.8690032958984375 92.8690032958984375 92.8769989013671875 92.87599945068359375 92.8730010986328125 92.8860015869140625 92.8809967041015625 92.8470001220703125 92.83699798583984375 92.82599639892578125 92.82399749755859375 92.82399749755859375 92.82399749755859375 92.819000244140625 92.82399749755859375 92.81999969482421875 92.80899810791015625 92.80899810791015625 92.79900360107421875 92.7910003662109375 92.78900146484375 92.7819976806640625 92.779998779296875 92.779998779296875 92.74199676513671875 92.733001708984375 92.72899627685546875 92.71700286865234375 92.7089996337890625 92.68199920654296875 92.6620025634765625 92.6439971923828125 92.6309967041015625 92.5930023193359375 92.5970001220703125 92.572998046875 92.5619964599609375 92.55100250244140625 92.53099822998046875 92.522003173828125 92.522003173828125 92.55899810791015625
92.89299774169921875 92.89299774169921875 92.89299774169921875 92.89099884033203125 92.89299774169921875 92.91100311279296875 92.91300201416015625 92.89299774169921875 92.8730010986328125 92.85700225830078125 92.85700225830078125 92.83699798583984375 92.82900238037109375 92.8170013427734375 92.82399749755859375 92.805999755859375 92.8000030517578125 92.7910003662109375 92.77100372314453125 92.75299835205078125 92.74199676513671875 92.733001708984375 92.720001220703125 92.70200347900390625 92.68900299072265625 92.67099761962890625 92.660003662109375 92.6569976806640625 92.63300323486328125 92.61699676513671875 92.5930023193359375 92.5709991455078125 92.54399871826171875 92.522003173828125 92.503997802734375 92.5019989013671875 92.490997314453125 92.46600341796875 92.43499755859375 92.42400360107421875 92.44899749755859375 92.48200225830078125
