in/test_suite/GMD2017/Groyne/rectilinear_01.asc
ncols	500
nrows	1000
xllcorner	1.000
yllcorner	1.000
cellsize	1.000
NODATA_value	-99999.000
[rows 576 to 607 of 1000, columns 426 to 496 of 500]
24.708 24.532 24.356 24.179 24.003 23.827 23.650 23.474 23.298 23.121 22.945 22.769 22.592 22.416 22.240 22.063 21.887 21.711 21.534 21.358 21.182 21.006 20.829 20.653 20.477 20.300 20.124 19.948 19.771 19.595 19.419 19.242 19.066 18.890 18.713 18.537 18.361 18.184 18.008 17.832 17.655 17.479 17.303 17.126 16.950 16.774 16.597 16.421 16.245 16.068 15.892 15.716 15.539 15.363 15.187 15.010 14.834 14.658 14.481 14.305 14.129 13.952 13.776 13.600 13.423 13.247 13.071 12.894 12.718 12.542 12.365
24.708 24.532 24.356 24.179 24.003 23.827 23.650 23.474 23.298 23.121 22.945 22.769 22.592 22.416 22.240 22.063 21.887 21.711 21.534 21.358 21.182 21.006 20.829 20.653 20.477 20.300 20.124 19.948 19.771 19.595 19.419 19.242 19.066 18.890 18.713 18.537 18.361 18.184 18.008 17.832 17.655 17.479 17.303 17.126 16.950 16.774 16.597 16.421 16.245 16.068 15.892 15.716 15.539 15.363 15.187 15.010 14.834 14.658 14.481 14.305 14.129 13.952 13.776 13.600 13.423 13.247 13.071 12.894 12.718 12.542 12.365
24.708 24.532 24.356 24.179 24.003 23.827 23.650 23.474 23.298 23.121 22.945 22.769 22.592 22.416 22.240 22.063 21.887 21.711 21.534 21.358 21.182 21.006 20.829 20.653 20.477 20.300 20.124 19.948 19.771 19.595 19.419 19.242 19.066 18.890 18.713 18.537 18.361 18.184 18.008 17.832 17.655 17.479 17.303 17.126 16.950 16.774 16.597 16.421 16.245 16.068 15.892 15.716 15.539 15.363 15.187 15.010 14.834 14.658 14.481 14.305 14.129 13.952 13.776 13.600 13.423 13.247 13.071 12.894 12.718 12.542 12.365
24.708 24.532 24.356 24.179 24.003 23.827 23.650 23.474 23.298 23.121 22.945 22.769 22.592 22.416 22.240 22.063 21.887 21.711 21.534 21.358 21.182 21.006 20.829 20.653 20.477 20.300 20.124 19.948 19.771 19.595 19.419 19.242 19.066 18.890 18.713 18.537 18.361 18.184 18.008 17.832 17.655 17.479 17.303 17.126 16.950 16.774 16.597 16.421 16.245 16.068 15.892 15.716 15.539 15.363 15.187 15.010 14.834 14.658 14.481 14.305 14.129 13.952 13.776 13.600 13.423 13.247 13.071 12.894 12.718 12.542 12.365
24.708 24.532 24.356 24.179 24.003 23.827 23.650 23.474 23.298 23.121 22.945 22.769 22.592 22.416 22.240 22.063 21.887 21.711 21.534 21.358 21.182 21.006 20.829 20.653 20.477 20.300 20.124 19.948 19.771 19.595 19.419 19.242 19.066 18.890 18.713 18.537 18.361 18.184 18.008 17.832 17.655 17.479 17.303 17.126 16.950 16.774 16.597 16.421 16.245 16.068 15.892 15.716 15.539 15.363 15.187 15.010 14.834 14.658 14.481 14.305 14.129 13.952 13.776 13.600 13.423 13.247 13.071 12.894 12.718 12.542 12.365
24.708 24.532 24.356 24.179 24.003 23.827 23.650 23.474 23.298 23.121 22.945 22.769 22.592 22.416 22.240 22.063 21.887 21.711 21.534 21.358 21.182 21.006 20.829 20.653 20.477 20.300 20.124 19.948 19.771 19.595 19.419 19.242 19.066 18.890 18.713 18.537 18.361 18.184 18.008 17.832 17.655 17.479 17.303 17.126 16.950 16.774 16.597 16.421 16.245 16.068 15.892 15.716 15.539 15.363 15.187 15.010 14.834 14.658 14.481 14.305 14.129 13.952 13.776 13.600 13.423 13.247 13.071 12.894 12.718 12.542 12.365
24.708 24.532 24.356 24.179 24.003 23.827 23.650 23.474 23.298 23.121 22.945 22.769 22.592 22.416 22.240 22.063 21.887 21.711 21.534 21.358 21.182 21.006 20.829 20.653 20.477 20.300 20.124 19.948 19.771 19.595 19.419 19.242 19.066 18.890 18.713 18.537 18.361 18.184 18.008 17.832 17.655 17.479 17.303 17.126 16.950 16.774 16.597 16.421 16.245 16.068 15.892 15.716 15.539 15.363 15.187 15.010 14.834 14.658 14.481 14.305 14.129 13.952 13.776 13.600 13.423 13.247 13.071 12.894 12.718 12.542 12.365
24.708 24.532 24.356 24.179 24.003 23.827 23.650 23.474 23.298 23.121 22.945 22.769 22.592 22.416 22.240 22.063 21.887 21.711 21.534 21.358 21.182 21.006 20.829 20.653 20.477 20.300 20.124 19.948 19.771 19.595 19.419 19.242 19.066 18.890 18.713 18.537 18.361 18.184 18.008 17.832 17.655 17.479 17.303 17.126 16.950 16.774 16.597 16.421 16.245 16.068 15.892 15.716 15.539 15.363 15.187 15.010 14.834 14.658 14.481 14.305 14.129 13.952 13.776 13.600 13.423 13.247 13.071 12.894 12.718 12.542 12.365
24.708 24.532 24.356 24.179 24.003 23.827 23.650 23.474 23.298 23.121 22.945 22.769 22.592 22.416 22.240 22.063 21.887 21.711 21.534 21.358 21.182 21.006 20.829 20.653 20.477 20.300 20.124 19.948 19.771 19.595 19.419 19.242 19.066 18.890 18.713 18.537 18.361 18.184 18.008 17.832 17.655 17.479 17.303 17.126 16.950 16.774 16.597 16.421 16.245 16.068 15.892 15.716 15.539 15.363 15.187 15.010 14.834 14.658 14.481 14.305 14.129 13.952 13.776 13.600 13.423 13.247 13.071 12.894 12.718 12.542 12.365
24.708 24.532 24.356 24.179 24.003 23.827 23.650 23.474 23.298 23.121 22.945 22.769 22.592 22.416 22.240 22.063 21.887 21.711 21.534 21.358 21.182 21.006 20.829 20.653 20.477 20.300 20.124 19.948 19.771 19.595 19.419 19.242 19.066 18.890 18.713 18.537 18.361 18.184 18.008 17.832 17.655 17.479 17.303 17.126 16.950 16.774 16.597 16.421 16.245 16.068 15.892 15.716 15.539 15.363 15.187 15.010 14.834 14.658 14.481 14.305 14.129 13.952 13.776 13.600 13.423 13.247 13.071 12.894 12.718 12.542 12.365
24.708 24.532 24.356 24.179 24.003 23.827 23.650 23.474 23.298 23.121 22.945 22.769 22.592 22.416 22.240 22.063 21.887 21.711 21.534 21.358 21.182 21.006 20.829 20.653 20.477 20.300 20.124 19.948 19.771 19.595 19.419 19.242 19.066 18.890 18.713 18.537 18.361 18.184 18.008 17.832 17.655 17.479 17.303 17.126 16.950 16.774 16.597 16.421 16.245 16.068 15.892 15.716 15.539 15.363 15.187 15.010 14.834 14.658 14.481 14.305 14.129 13.952 13.776 13.600 13.423 13.247 13.071 12.894 12.718 12.542 12.365
24.708 24.532 24.356 24.179 24.003 23.827 23.650 23.474 23.298 23.121 22.945 22.769 22.592 22.416 22.240 22.063 21.887 21.711 21.534 21.358 21.182 21.006 20.829 20.653 20.477 20.300 20.124 19.948 19.771 19.595 19.419 19.242 19.066 18.890 18.713 18.537 18.361 18.184 18.008 17.832 17.655 17.479 17.303 17.126 16.950 16.774 16.597 16.421 16.245 16.068 15.892 15.716 15.539 15.363 15.187 15.010 14.834 14.658 14.481 14.305 14.129 13.952 13.776 13.600 13.423 13.247 13.071 12.894 12.718 12.542 12.365
24.708 24.532 24.356 24.179 24.003 23.827 23.650 23.474 23.298 23.121 22.945 22.769 22.592 22.416 22.240 22.063 21.887 21.711 21.534 21.358 21.182 21.006 20.829 20.653 20.477 20.300 20.124 19.948 19.771 19.595 19.419 19.242 19.066 18.890 18.713 18.537 18.361 18.184 18.008 17.832 17.655 17.479 17.303 17.126 16.950 16.774 16.597 16.421 16.245 16.068 15.892 15.716 15.539 15.363 15.187 15.010 14.834 14.658 14.481 14.305 14.129 13.952 13.776 13.600 13.423 13.247 13.071 12.894 12.718 12.542 12.365
24.708 24.532 24.356 24.179 24.003 23.827 23.650 23.474 23.298 23.121 22.945 22.769 22.592 22.416 22.240 22.063 21.887 21.711 21.534 21.358 21.182 21.006 20.829 20.653 20.477 20.300 20.124 19.948 19.771 19.595 19.419 19.242 19.066 18.890 18.713 18.537 18.361 18.184 18.008 17.832 17.655 17.479 17.303 17.126 16.950 16.774 16.597 16.421 16.245 16.068 15.892 15.716 15.539 15.363 15.187 15.010 14.834 14.658 14.481 14.305 14.129 13.952 13.776 13.600 13.423 13.247 13.071 12.894 12.718 12.542 12.365
24.708 24.532 24.356 24.179 24.003 23.827 23.650 23.474 23.298 23.121 22.945 22.769 22.592 22.416 22.240 22.063 21.887 21.711 21.534 21.358 21.182 21.006 20.829 20.653 20.477 20.300 20.124 19.948 19.771 19.595 19.419 19.242 19.066 18.890 18.713 18.537 18.361 18.184 18.008 17.832 17.655 17.479 17.303 17.126 16.950 16.774 16.597 16.421 16.245 16.068 15.892 15.716 15.539 15.363 15.187 15.010 14.834 14.658 14.481 14.305 14.129 13.952 13.776 13.600 13.423 13.247 13.071 12.894 12.718 12.542 12.365
24.708 24.532 24.356 24.179 24.003 23.827 23.650 23.474 23.298 23.121 22.945 22.769 22.592 22.416 22.240 22.063 21.887 21.711 21.534 21.358 21.182 21.006 20.829 20.653 20.477 20.300 20.124 19.948 19.771 19.595 19.419 19.242 19.066 18.890 18.713 18.537 18.361 18.184 18.008 17.832 17.655 17.479 17.303 17.126 16.950 16.774 16.597 16.421 16.245 16.068 15.892 15.716 15.539 15.363 15.187 15.010 14.834 14.658 14.481 14.305 14.129 13.952 13.776 13.600 13.423 13.247 13.071 12.894 12.718 12.542 12.365
24.708 24.532 24.356 24.179 24.003 23.827 23.650 23.474 23.298 23.121 22.945 22.769 22.592 22.416 22.240 22.063 21.887 21.711 21.534 21.358 21.182 21.006 20.829 20.653 20.477 20.300 20.124 19.948 19.771 19.595 19.419 19.242 19.066 18.890 18.713 18.537 18.361 18.184 18.008 17.832 17.655 17.479 17.303 17.126 16.950 16.774 16.597 16.421 16.245 16.068 15.892 15.716 15.539 15.363 15.187 15.010 14.834 14.658 14.481 14.305 14.129 13.952 13.776 13.600 13.423 13.247 13.071 12.894 12.718 12.542 12.365
24.708 24.532 24.356 24.179 24.003 23.827 23.650 23.474 23.298 23.121 22.945 22.769 22.592 22.416 22.240 22.063 21.887 21.711 21.534 21.358 21.182 21.006 20.829 20.653 20.477 20.300 20.124 19.948 19.771 19.595 19.419 19.242 19.066 18.890 18.713 18.537 18.361 18.184 18.008 17.832 17.655 17.479 17.303 17.126 16.950 16.774 16.597 16.421 16.245 16.068 15.892 15.716 15.539 15.363 15.187 15.010 14.834 14.658 14.481 14.305 14.129 13.952 13.776 13.600 13.423 13.247 13.071 12.894 12.718 12.542 12.365
24.708 24.532 24.356 24.179 24.003 23.827 23.650 23.474 23.298 23.121 22.945 22.769 22.592 22.416 22.240 22.063 21.887 21.711 21.534 21.358 21.182 21.006 20.829 20.653 20.477 20.300 20.124 19.948 19.771 19.595 19.419 19.242 19.066 18.890 18.713 18.537 18.361 18.184 18.008 17.832 17.655 17.479 17.303 17.126 16.950 16.774 16.597 16.421 16.245 16.068 15.892 15.716 15.539 15.363 15.187 15.010 14.834 14.658 14.481 14.305 14.129 13.952 13.776 13.600 13.423 13.247 13.071 12.894 12.718 12.542 12.365
24.708 24.532 24.356 24.179 24.003 23.827 23.650 23.474 23.298 23.121 22.945 22.769 22.592 22.416 22.240 22.063 21.887 21.711 21.534 21.358 21.182 21.006 20.829 20.653 20.477 20.300 20.124 19.948 19.771 19.595 19.419 19.242 19.066 18.890 18.713 18.537 18.361 18.184 18.008 17.832 17.655 17.479 17.303 17.126 16.950 16.774 16.597 16.421 16.245 16.068 15.892 15.716 15.539 15.363 15.187 15.010 14.834 14.658 14.481 14.305 14.129 13.952 13.776 13.600 13.423 13.247 13.071 12.894 12.718 12.542 12.365
24.708 24.532 24.356 24.179 24.003 23.827 23.650 23.474 23.298 23.121 22.945 22.769 22.592 22.416 22.240 22.063 21.887 21.711 21.534 21.358 21.182 21.006 20.829 20.653 20.477 20.300 20.124 19.948 19.771 19.595 19.419 19.242 19.066 18.890 18.713 18.537 18.361 18.184 18.008 17.832 17.655 17.479 17.303 17.126 16.950 16.774 16.597 16.421 16.245 16.068 15.892 15.716 15.539 15.363 15.187 15.010 14.834 14.658 14.481 14.305 14.129 13.952 13.776 13.600 13.423 13.247 13.071 12.894 12.718 12.542 12.365
24.708 24.532 24.356 24.179 24.003 23.827 23.650 23.474 23.298 23.121 22.945 22.769 22.592 22.416 22.240 22.063 21.887 21.711 21.534 21.358 21.182 21.006 20.829 20.653 20.477 20.300 20.124 19.948 19.771 19.595 19.419 19.242 19.066 18.890 18.713 18.537 18.361 18.184 18.008 17.832 17.655 17.479 17.303 17.126 16.950 16.774 16.597 16.421 16.245 16.068 15.892 15.716 15.539 15.363 15.187 15.010 14.834 14.658 14.481 14.305 14.129 13.952 13.776 13.600 13.423 13.247 13.071 12.894 12.718 12.542 12.365
24.708 24.532 24.356 24.179 24.003 23.827 23.650 23.474 23.298 23.121 22.945 22.769 22.592 22.416 22.240 22.063 21.887 21.711 21.534 21.358 21.182 21.006 20.829 20.653 20.477 20.300 20.124 19.948 19.771 19.595 19.419 19.242 19.066 18.890 18.713 18.537 18.361 18.184 18.008 17.832 17.655 17.479 17.303 17.126 16.950 16.774 16.597 16.421 16.245 16.068 15.892 15.716 15.539 15.363 15.187 15.010 14.834 14.658 14.481 14.305 14.129 13.952 13.776 13.600 13.423 13.247 13.071 12.894 12.718 12.542 12.365
24.708 24.532 24.356 24.179 24.003 23.827 23.650 23.474 23.298 23.121 22.945 22.769 22.592 22.416 22.240 22.063 21.887 21.711 21.534 21.358 21.182 21.006 20.829 20.653 20.477 20.300 20.124 19.948 19.771 19.595 19.419 19.242 19.066 18.890 18.713 18.537 18.361 18.184 18.008 17.832 17.655 17.479 17.303 17.126 16.950 16.774 16.597 16.421 16.245 16.068 15.892 15.716 15.539 15.363 15.187 15.010 14.834 14.658 14.481 14.305 14.129 13.952 13.776 13.600 13.423 13.247 13.071 12.894 12.718 12.542 12.365
24.708 24.532 24.356 24.179 24.003 23.827 23.650 23.474 23.298 23.121 22.945 22.769 22.592 22.416 22.240 22.063 21.887 21.711 21.534 21.358 21.182 21.006 20.829 20.653 20.477 20.300 20.124 19.948 19.771 19.595 19.419 19.242 19.066 18.890 18.713 18.537 18.361 18.184 18.008 17.832 17.655 17.479 17.303 17.126 16.950 16.774 16.597 16.421 16.245 16.068 15.892 15.716 15.539 15.363 15.187 15.010 14.834 14.658 14.481 14.305 14.129 13.952 13.776 13.600 13.423 13.247 13.071 12.894 12.718 12.542 12.365
24.708 24.532 24.356 24.179 24.003 23.827 23.650 23.474 23.298 23.121 22.945 22.769 22.592 22.416 22.240 22.063 21.887 21.711 21.534 21.358 21.182 21.006 20.829 20.653 20.477 20.300 20.124 19.948 19.771 19.595 19.419 19.242 19.066 18.890 18.713 18.537 18.361 18.184 18.008 17.832 17.655 17.479 17.303 17.126 16.950 16.774 16.597 16.421 16.245 16.068 15.892 15.716 15.539 15.363 15.187 15.010 14.834 14.658 14.481 14.305 14.129 13.952 13.776 13.600 13.423 13.247 13.071 12.894 12.718 12.542 12.365
24.708 24.532 24.356 24.179 24.003 23.827 23.650 23.474 23.298 23.121 22.945 22.769 22.592 22.416 22.240 22.063 21.887 21.711 21.534 21.358 21.182 21.006 20.829 20.653 20.477 20.300 20.124 19.948 19.771 19.595 19.419 19.242 19.066 18.890 18.713 18.537 18.361 18.184 18.008 17.832 17.655 17.479 17.303 17.126 16.950 16.774 16.597 16.421 16.245 16.068 15.892 15.716 15.539 15.363 15.187 15.010 14.834 14.658 14.481 14.305 14.129 13.952 13.776 13.600 13.423 13.247 13.071 12.894 12.718 12.542 12.365
24.708 24.532 24.356 24.179 24.003 23.827 23.650 23.474 23.298 23.121 22.945 22.769 22.592 22.416 22.240 22.063 21.887 21.711 21.534 21.358 21.182 21.006 20.829 20.653 20.477 20.300 20.124 19.948 19.771 19.595 19.419 19.242 19.066 18.890 18.713 18.537 18.361 18.184 18.008 17.832 17.655 17.479 17.303 17.126 16.950 16.774 16.597 16.421 16.245 16.068 15.892 15.716 15.539 15.363 15.187 15.010 14.834 14.658 14.481 14.305 14.129 13.952 13.776 13.600 13.423 13.247 13.071 12.894 12.718 12.542 12.365
24.708 24.532 24.356 24.179 24.003 23.827 23.650 23.474 23.298 23.121 22.945 22.769 22.592 22.416 22.240 22.063 21.887 21.711 21.534 21.358 21.182 21.006 20.829 20.653 20.477 20.300 20.124 19.948 19.771 19.595 19.419 19.242 19.066 18.890 18.713 18.537 18.361 18.184 18.008 17.832 17.655 17.479 17.303 17.126 16.950 16.774 16.597 16.421 16.245 16.068 15.892 15.716 15.539 15.363 15.187 15.010 14.834 14.658 14.481 14.305 14.129 13.952 13.776 13.600 13.423 13.247 13.071 12.894 12.718 12.542 12.365
24.708 24.532 24.356 24.179 24.003 23.827 23.650 23.474 23.298 23.121 22.945 22.769 22.592 22.416 22.240 22.063 21.887 21.711 21.534 21.358 21.182 21.006 20.829 20.653 20.477 20.300 20.124 19.948 19.771 19.595 19.419 19.242 19.066 18.890 18.713 18.537 18.361 18.184 18.008 17.832 17.655 17.479 17.303 17.126 16.950 16.774 16.597 16.421 16.245 16.068 15.892 15.716 15.539 15.363 15.187 15.010 14.834 14.658 14.481 14.305 14.129 13.952 13.776 13.600 13.423 13.247 13.071 12.894 12.718 12.542 12.365
24.708 24.532 24.356 24.179 24.003 23.827 23.650 23.474 23.298 23.121 22.945 22.769 22.592 22.416 22.240 22.063 21.887 21.711 21.534 21.358 21.182 21.006 20.829 20.653 20.477 20.300 20.124 19.948 19.771 19.595 19.419 19.242 19.066 18.890 18.713 18.537 18.361 18.184 18.008 17.832 17.655 17.479 17.303 17.126 16.950 16.774 16.597 16.421 16.245 16.068 15.892 15.716 15.539 15.363 15.187 15.010 14.834 14.658 14.481 14.305 14.129 13.952 13.776 13.600 13.423 13.247 13.071 12.894 12.718 12.542 12.365
24.708 24.532 24.356 24.179 24.003 23.827 23.650 23.474 23.298 23.121 22.945 22.769 22.592 22.416 22.240 22.063 21.887 21.711 21.534 21.358 21.182 21.006 20.829 20.653 20.477 20.300 20.124 19.948 19.771 19.595 19.419 19.242 19.066 18.890 18.713 18.537 18.361 18.184 18.008 17.832 17.655 17.479 17.303 17.126 16.950 16.774 16.597 16.421 16.245 16.068 15.892 15.716 15.539 15.363 15.187 15.010 14.834 14.658 14.481 14.305 14.129 13.952 13.776 13.600 13.423 13.247 13.071 12.894 12.718 12.542 12.365
