in/test_suite/GMD2017/Groyne/rectilinear_01.asc
ncols	500
nrows	1000
xllcorner	1.000
yllcorner	1.000
cellsize	1.000
NODATA_value	-99999.000
[rows 0 to 31 of 1000, columns 0 to 70 of 500]
99.824 99.647 99.471 99.295 99.118 98.942 98.766 98.589 98.413 98.237 98.060 97.884 97.708 97.531 97.355 97.179 97.002 96.826 96.650 96.473 96.297 96.121 95.944 95.768 95.592 95.415 95.239 95.063 94.887 94.710 94.534 94.358 94.181 94.005 93.829 93.652 93.476 93.300 93.123 92.947 92.771 92.594 92.418 92.242 92.065 91.889 91.713 91.536 91.360 91.184 91.007 90.831 90.655 90.478 90.302 90.126 89.949 89.773 89.597 89.420 89.244 89.068 88.891 88.715 88.539 88.362 88.186 88.010 87.833 87.657 87.481
99.824 99.647 99.471 99.295 99.118 98.942 98.766 98.589 98.413 98.237 98.060 97.884 97.708 97.531 97.355 97.179 97.002 96.826 96.650 96.473 96.297 96.121 95.944 95.768 95.592 95.415 95.239 95.063 94.887 94.710 94.534 94.358 94.181 94.005 93.829 93.652 93.476 93.300 93.123 92.947 92.771 92.594 92.418 92.242 92.065 91.889 91.713 91.536 91.360 91.184 91.007 90.831 90.655 90.478 90.302 90.126 89.949 89.773 89.597 89.420 89.244 89.068 88.891 88.715 88.539 88.362 88.186 88.010 87.833 87.657 87.481
99.824 99.647 99.471 99.295 99.118 98.942 98.766 98.589 98.413 98.237 98.060 97.884 97.708 97.531 97.355 97.179 97.002 96.826 96.650 96.473 96.297 96.121 95.944 95.768 95.592 95.415 95.239 95.063 94.887 94.710 94.534 94.358 94.181 94.005 93.829 93.652 93.476 93.300 93.123 92.947 92.771 92.594 92.418 92.242 92.065 91.889 91.713 91.536 91.360 91.184 91.007 90.831 90.655 90.478 90.302 90.126 89.949 89.773 89.597 89.420 89.244 89.068 88.891 88.715 88.539 88.362 88.186 88.010 87.833 87.657 87.481
99.824 99.647 99.471 99.295 99.118 98.942 98.766 98.589 98.413 98.237 98.060 97.884 97.708 97.531 97.355 97.179 97.002 96.826 96.650 96.473 96.297 96.121 95.944 95.768 95.592 95.415 95.239 95.063 94.887 94.710 94.534 94.358 94.181 94.005 93.829 93.652 93.476 93.300 93.123 92.947 92.771 92.594 92.418 92.242 92.065 91.889 91.713 91.536 91.360 91.184 91.007 90.831 90.655 90.478 90.302 90.126 89.949 89.773 89.597 89.420 89.244 89.068 88.891 88.715 88.539 88.362 88.186 88.010 87.833 87.657 87.481
99.824 99.647 99.471 99.295 99.118 98.942 98.766 98.589 98.413 98.237 98.060 97.884 97.708 97.531 97.355 97.179 97.002 96.826 96.650 96.473 96.297 96.121 95.944 95.768 95.592 95.415 95.239 95.063 94.887 94.710 94.534 94.358 94.181 94.005 93.829 93.652 93.476 93.300 93.123 92.947 92.771 92.594 92.418 92.242 92.065 91.889 91.713 91.536 91.360 91.184 91.007 90.831 90.655 90.478 90.302 90.126 89.949 89.773 89.597 89.420 89.244 89.068 88.891 88.715 88.539 88.362 88.186 88.010 87.833 87.657 87.481
99.824 99.647 99.471 99.295 99.118 98.942 98.766 98.589 98.413 98.237 98.060 97.884 97.708 97.531 97.355 97.179 97.002 96.826 96.650 96.473 96.297 96.121 95.944 95.768 95.592 95.415 95.239 95.063 94.887 94.710 94.534 94.358 94.181 94.005 93.829 93.652 93.476 93.300 93.123 92.947 92.771 92.594 92.418 92.242 92.065 91.889 91.713 91.536 91.360 91.184 91.007 90.831 90.655 90.478 90.302 90.126 89.949 89.773 89.597 89.420 89.244 89.068 88.891 88.715 88.539 88.362 88.186 88.010 87.833 87.657 87.481
99.824 99.647 99.471 99.295 99.118 98.942 98.766 98.589 98.413 98.237 98.060 97.884 97.708 97.531 97.355 97.179 97.002 96.826 96.650 96.473 96.297 96.121 95.944 95.768 95.592 95.415 95.239 95.063 94.887 94.710 94.534 94.358 94.181 94.005 93.829 93.652 93.476 93.300 93.123 92.947 92.771 92.594 92.418 92.242 92.065 91.889 91.713 91.536 91.360 91.184 91.007 90.831 90.655 90.478 90.302 90.126 89.949 89.773 89.597 89.420 89.244 89.068 88.891 88.715 88.539 88.362 88.186 88.010 87.833 87.657 87.481
99.824 99.647 99.471 99.295 99.118 98.942 98.766 98.589 98.413 98.237 98.060 97.884 97.708 97.531 97.355 97.179 97.002 96.826 96.650 96.473 96.297 96.121 95.944 95.768 95.592 95.415 95.239 95.063 94.887 94.710 94.534 94.358 94.181 94.005 93.829 93.652 93.476 93.300 93.123 92.947 92.771 92.594 92.418 92.242 92.065 91.889 91.713 91.536 91.360 91.184 91.007 90.831 90.655 90.478 90.302 90.126 89.949 89.773 89.597 89.420 89.244 89.068 88.891 88.715 88.539 88.362 88.186 88.010 87.833 87.657 87.481
99.824 99.647 99.471 99.295 99.118 98.942 98.766 98.589 98.413 98.237 98.060 97.884 97.708 97.531 97.355 97.179 97.002 96.826 96.650 96.473 96.297 96.121 95.944 95.768 95.592 95.415 95.239 95.063 94.887 94.710 94.534 94.358 94.181 94.005 93.829 93.652 93.476 93.300 93.123 92.947 92.771 92.594 92.418 92.242 92.065 91.889 91.713 91.536 91.360 91.184 91.007 90.831 90.655 90.478 90.302 90.126 89.949 89.773 89.597 89.420 89.244 89.068 88.891 88.715 88.539 88.362 88.186 88.010 87.833 87.657 87.481
99.824 99.647 99.471 99.295 99.118 98.942 98.766 98.589 98.413 98.237 98.060 97.884 97.708 97.531 97.355 97.179 97.002 96.826 96.650 96.473 96.297 96.121 95.944 95.768 95.592 95.415 95.239 95.063 94.887 94.710 94.534 94.358 94.181 94.005 93.829 93.652 93.476 93.300 93.123 92.947 92.771 92.594 92.418 92.242 92.065 91.889 91.713 91.536 91.360 91.184 91.007 90.831 90.655 90.478 90.302 90.126 89.949 89.773 89.597 89.420 89.244 89.068 88.891 88.715 88.539 88.362 88.186 88.010 87.833 87.657 87.481
99.824 99.647 99.471 99.295 99.118 98.942 98.766 98.589 98.413 98.237 98.060 97.884 97.708 97.531 97.355 97.179 97.002 96.826 96.650 96.473 96.297 96.121 95.944 95.768 95.592 95.415 95.239 95.063 94.887 94.710 94.534 94.358 94.181 94.005 93.829 93.652 93.476 93.300 93.123 92.947 92.771 92.594 92.418 92.242 92.065 91.889 91.713 91.536 91.360 91.184 91.007 90.831 90.655 90.478 90.302 90.126 89.949 89.773 89.597 89.420 89.244 89.068 88.891 88.715 88.539 88.362 88.186 88.010 87.833 87.657 87.481
99.824 99.647 99.471 99.295 99.118 98.942 98.766 98.589 98.413 98.237 98.060 97.884 97.708 97.531 97.355 97.179 97.002 96.826 96.650 96.473 96.297 96.121 95.944 95.768 95.592 95.415 95.239 95.063 94.887 94.710 94.534 94.358 94.181 94.005 93.829 93.652 93.476 93.300 93.123 92.947 92.771 92.594 92.418 92.242 92.065 91.889 91.713 91.536 91.360 91.184 91.007 90.831 90.655 90.478 90.302 90.126 89.949 89.773 89.597 89.420 89.244 89.068 88.891 88.715 88.539 88.362 88.186 88.010 87.833 87.657 87.481
99.824 99.647 99.471 99.295 99.118 98.942 98.766 98.589 98.413 98.237 98.060 97.884 97.708 97.531 97.355 97.179 97.002 96.826 96.650 96.473 96.297 96.121 95.944 95.768 95.592 95.415 95.239 95.063 94.887 94.710 94.534 94.358 94.181 94.005 93.829 93.652 93.476 93.300 93.123 92.947 92.771 92.594 92.418 92.242 92.065 91.889 91.713 91.536 91.360 91.184 91.007 90.831 90.655 90.478 90.302 90.126 89.949 89.773 89.597 89.420 89.244 89.068 88.891 88.715 88.539 88.362 88.186 88.010 87.833 87.657 87.481
99.824 99.647 99.471 99.295 99.118 98.942 98.766 98.589 98.413 98.237 98.060 97.884 97.708 97.531 97.355 97.179 97.002 96.826 96.650 96.473 96.297 96.121 95.944 95.768 95.592 95.415 95.239 95.063 94.887 94.710 94.534 94.358 94.181 94.005 93.829 93.652 93.476 93.300 93.123 92.947 92.771 92.594 92.418 92.242 92.065 91.889 91.713 91.536 91.360 91.184 91.007 90.831 90.655 90.478 90.302 90.126 89.949 89.773 89.597 89.420 89.244 89.068 88.891 88.715 88.539 88.362 88.186 88.010 87.833 87.657 87.481
99.824 99.647 99.471 99.295 99.118 98.942 98.766 98.589 98.413 98.237 98.060 97.884 97.708 97.531 97.355 97.179 97.002 96.826 96.650 96.473 96.297 96.121 95.944 95.768 95.592 95.415 95.239 95.063 94.887 94.710 94.534 94.358 94.181 94.005 93.829 93.652 93.476 93.300 93.123 92.947 92.771 92.594 92.418 92.242 92.065 91.889 91.713 91.536 91.360 91.184 91.007 90.831 90.655 90.478 90.302 90.126 89.949 89.773 89.597 89.420 89.244 89.068 88.891 88.715 88.539 88.362 88.186 88.010 87.833 87.657 87.481
99.824 99.647 99.471 99.295 99.118 98.942 98.766 98.589 98.413 98.237 98.060 97.884 97.708 97.531 97.355 97.179 97.002 96.826 96.650 96.473 96.297 96.121 95.944 95.768 95.592 95.415 95.239 95.063 94.887 94.710 94.534 94.358 94.181 94.005 93.829 93.652 93.476 93.300 93.123 92.947 92.771 92.594 92.418 92.242 92.065 91.889 91.713 91.536 91.360 91.184 91.007 90.831 90.655 90.478 90.302 90.126 89.949 89.773 89.597 89.420 89.244 89.068 88.891 88.715 88.539 88.362 88.186 88.010 87.833 87.657 87.481
99.824 99.647 99.471 99.295 99.118 98.942 98.766 98.589 98.413 98.237 98.060 97.884 97.708 97.531 97.355 97.179 97.002 96.826 96.650 96.473 96.297 96.121 95.944 95.768 95.592 95.415 95.239 95.063 94.887 94.710 94.534 94.358 94.181 94.005 93.829 93.652 93.476 93.300 93.123 92.947 92.771 92.594 92.418 92.242 92.065 91.889 91.713 91.536 91.360 91.184 91.007 90.831 90.655 90.478 90.302 90.126 89.949 89.773 89.597 89.420 89.244 89.068 88.891 88.715 88.539 88.362 88.186 88.010 87.833 87.657 87.481
99.824 99.647 99.471 99.295 99.118 98.942 98.766 98.589 98.413 98.237 98.060 97.884 97.708 97.531 97.355 97.179 97.002 96.826 96.650 96.473 96.297 96.121 95.944 95.768 95.592 95.415 95.239 95.063 94.887 94.710 94.534 94.358 94.181 94.005 93.829 93.652 93.476 93.300 93.123 92.947 92.771 92.594 92.418 92.242 92.065 91.889 91.713 91.536 91.360 91.184 91.007 90.831 90.655 90.478 90.302 90.126 89.949 89.773 89.597 89.420 89.244 89.068 88.891 88.715 88.539 88.362 88.186 88.010 87.833 87.657 87.481
99.824 99.647 99.471 99.295 99.118 98.942 98.766 98.589 98.413 98.237 98.060 97.884 97.708 97.531 97.355 97.179 97.002 96.826 96.650 96.473 96.297 96.121 95.944 95.768 95.592 95.415 95.239 95.063 94.887 94.710 94.534 94.358 94.181 94.005 93.829 93.652 93.476 93.300 93.123 92.947 92.771 92.594 92.418 92.242 92.065 91.889 91.713 91.536 91.360 91.184 91.007 90.831 90.655 90.478 90.302 90.126 89.949 89.773 89.597 89.420 89.244 89.068 88.891 88.715 88.539 88.362 88.186 88.010 87.833 87.657 87.481
99.824 99.647 99.471 99.295 99.118 98.942 98.766 98.589 98.413 98.237 98.060 97.884 97.708 97.531 97.355 97.179 97.002 96.826 96.650 96.473 96.297 96.121 95.944 95.768 95.592 95.415 95.239 95.063 94.887 94.710 94.534 94.358 94.181 94.005 93.829 93.652 93.476 93.300 93.123 92.947 92.771 92.594 92.418 92.242 92.065 91.889 91.713 91.536 91.360 91.184 91.007 90.831 90.655 90.478 90.302 90.126 89.949 89.773 89.597 89.420 89.244 89.068 88.891 88.715 88.539 88.362 88.186 88.010 87.833 87.657 87.481
99.824 99.647 99.471 99.295 99.118 98.942 98.766 98.589 98.413 98.237 98.060 97.884 97.708 97.531 97.355 97.179 97.002 96.826 96.650 96.473 96.297 96.121 95.944 95.768 95.592 95.415 95.239 95.063 94.887 94.710 94.534 94.358 94.181 94.005 93.829 93.652 93.476 93.300 93.123 92.947 92.771 92.594 92.418 92.242 92.065 91.889 91.713 91.536 91.360 91.184 91.007 90.831 90.655 90.478 90.302 90.126 89.949 89.773 89.597 89.420 89.244 89.068 88.891 88.715 88.539 88.362 88.186 88.010 87.833 87.657 87.481
99.824 99.647 99.471 99.295 99.118 98.942 98.766 98.589 98.413 98.237 98.060 97.884 97.708 97.531 97.355 97.179 97.002 96.826 96.650 96.473 96.297 96.121 95.944 95.768 95.592 95.415 95.239 95.063 94.887 94.710 94.534 94.358 94.181 94.005 93.829 93.652 93.476 93.300 93.123 92.947 92.771 92.594 92.418 92.242 92.065 91.889 91.713 91.536 91.360 91.184 91.007 90.831 90.655 90.478 90.302 90.126 89.949 89.773 89.597 89.420 89.244 89.068 88.891 88.715 88.539 88.362 88.186 88.010 87.833 87.657 87.481
99.824 99.647 99.471 99.295 99.118 98.942 98.766 98.589 98.413 98.237 98.060 97.884 97.708 97.531 97.355 97.179 97.002 96.826 96.650 96.473 96.297 96.121 95.944 95.768 95.592 95.415 95.239 95.063 94.887 94.710 94.534 94.358 94.181 94.005 93.829 93.652 93.476 93.300 93.123 92.947 92.771 92.594 92.418 92.242 92.065 91.889 91.713 91.536 91.360 91.184 91.007 90.831 90.655 90.478 90.302 90.126 89.949 89.773 89.597 89.420 89.244 89.068 88.891 88.715 88.539 88.362 88.186 88.010 87.833 87.657 87.481
99.824 99.647 99.471 99.295 99.118 98.942 98.766 98.589 98.413 98.237 98.060 97.884 97.708 97.531 97.355 97.179 97.002 96.826 96.650 96.473 96.297 96.121 95.944 95.768 95.592 95.415 95.239 95.063 94.887 94.710 94.534 94.358 94.181 94.005 93.829 93.652 93.476 93.300 93.123 92.947 92.771 92.594 92.418 92.242 92.065 91.889 91.713 91.536 91.360 91.184 91.007 90.831 90.655 90.478 90.302 90.126 89.949 89.773 89.597 89.420 89.244 89.068 88.891 88.715 88.539 88.362 88.186 88.010 87.833 87.657 87.481
99.824 99.647 99.471 99.295 99.118 98.942 98.766 98.589 98.413 98.237 98.060 97.884 97.708 97.531 97.355 97.179 97.002 96.826 96.650 96.473 96.297 96.121 95.944 95.768 95.592 95.415 95.239 95.063 94.887 94.710 94.534 94.358 94.181 94.005 93.829 93.652 93.476 93.300 93.123 92.947 92.771 92.594 92.418 92.242 92.065 91.889 91.713 91.536 91.360 91.184 91.007 90.831 90.655 90.478 90.302 90.126 89.949 89.773 89.597 89.420 89.244 89.068 88.891 88.715 88.539 88.362 88.186 88.010 87.833 87.657 87.481
99.824 99.647 99.471 99.295 99.118 98.942 98.766 98.589 98.413 98.237 98.060 97.884 97.708 97.531 97.355 97.179 97.002 96.826 96.650 96.473 96.297 96.121 95.944 95.768 95.592 95.415 95.239 95.063 94.887 94.710 94.534 94.358 94.181 94.005 93.829 93.652 93.476 93.300 93.123 92.947 92.771 92.594 92.418 92.242 92.065 91.889 91.713 91.536 91.360 91.184 91.007 90.831 90.655 90.478 90.302 90.126 89.949 89.773 89.597 89.420 89.244 89.068 88.891 88.715 88.539 88.362 88.186 88.010 87.833 87.657 87.481
99.824 99.647 99.471 99.295 99.118 98.942 98.766 98.589 98.413 98.237 98.060 97.884 97.708 97.531 97.355 97.179 97.002 96.826 96.650 96.473 96.297 96.121 95.944 95.768 95.592 95.415 95.239 95.063 94.887 94.710 94.534 94.358 94.181 94.005 93.829 93.652 93.476 93.300 93.123 92.947 92.771 92.594 92.418 92.242 92.065 91.889 91.713 91.536 91.360 91.184 91.007 90.831 90.655 90.478 90.302 90.126 89.949 89.773 89.597 89.420 89.244 89.068 88.891 88.715 88.539 88.362 88.186 88.010 87.833 87.657 87.481
99.824 99.647 99.471 99.295 99.118 98.942 98.766 98.589 98.413 98.237 98.060 97.884 97.708 97.531 97.355 97.179 97.002 96.826 96.650 96.473 96.297 96.121 95.944 95.768 95.592 95.415 95.239 95.063 94.887 94.710 94.534 94.358 94.181 94.005 93.829 93.652 93.476 93.300 93.123 92.947 92.771 92.594 92.418 92.242 92.065 91.889 91.713 91.536 91.360 91.184 91.007 90.831 90.655 90.478 90.302 90.126 89.949 89.773 89.597 89.420 89.244 89.068 88.891 88.715 88.539 88.362 88.186 88.010 87.833 87.657 87.481
99.824 99.647 99.471 99.295 99.118 98.942 98.766 98.589 98.413 98.237 98.060 97.884 97.708 97.531 97.355 97.179 97.002 96.826 96.650 96.473 96.297 96.121 95.944 95.768 95.592 95.415 95.239 95.063 94.887 94.710 94.534 94.358 94.181 94.005 93.829 93.652 93.476 93.300 93.123 92.947 92.771 92.594 92.418 92.242 92.065 91.889 91.713 91.536 91.360 91.184 91.007 90.831 90.655 90.478 90.302 90.126 89.949 89.773 89.597 89.420 89.244 89.068 88.891 88.715 88.539 88.362 88.186 88.010 87.833 87.657 87.481
99.824 99.647 99.471 99.295 99.118 98.942 98.766 98.589 98.413 98.237 98.060 97.884 97.708 97.531 97.355 97.179 97.002 96.826 96.650 96.473 96.297 96.121 95.944 95.768 95.592 95.415 95.239 95.063 94.887 94.710 94.534 94.358 94.181 94.005 93.829 93.652 93.476 93.300 93.123 92.947 92.771 92.594 92.418 92.242 92.065 91.889 91.713 91.536 91.360 91.184 91.007 90.831 90.655 90.478 90.302 90.126 89.949 89.773 89.597 89.420 89.244 89.068 88.891 88.715 88.539 88.362 88.186 88.010 87.833 87.657 87.481
99.824 99.647 99.471 99.295 99.118 98.942 98.766 98.589 98.413 98.237 98.060 97.884 97.708 97.531 97.355 97.179 97.002 96.826 96.650 96.473 96.297 96.121 95.944 95.768 95.592 95.415 95.239 95.063 94.887 94.710 94.534 94.358 94.181 94.005 93.829 93.652 93.476 93.300 93.123 92.947 92.771 92.594 92.418 92.242 92.065 91.889 91.713 91.536 91.360 91.184 91.007 90.831 90.655 90.478 90.302 90.126 89.949 89.773 89.597 89.420 89.244 89.068 88.891 88.715 88.539 88.362 88.186 88.010 87.833 87.657 87.481
99.824 99.647 99.471 99.295 99.118 98.942 98.766 98.589 98.413 98.237 98.060 97.884 97.708 97.531 97.355 97.179 97.002 96.826 96.650 96.473 96.297 96.121 95.944 95.768 95.592 95.415 95.239 95.063 94.887 94.710 94.534 94.358 94.181 94.005 93.829 93.652 93.476 93.300 93.123 92.947 92.771 92.594 92.418 92.242 92.065 91.889 91.713 91.536 91.360 91.184 91.007 90.831 90.655 90.478 90.302 90.126 89.949 89.773 89.597 89.420 89.244 89.068 88.891 88.715 88.539 88.362 88.186 88.010 87.833 87.657 87.481
