in/test_suite/GMD2017/CliffFineBays/consolidated_fine_01.asc
ncols	500
nrows	1000
xllcorner	1.000
yllcorner	1.000
cellsize	1.000
NODATA_value	-9999.000
[rows 288 to 319 of 1000, columns 355 to 425 of 500]
35.927 35.747 35.567 35.387 35.207 35.027 34.847 34.667 34.487 34.307 34.127 33.947 33.767 33.587 33.407 33.227 33.047 32.867 32.687 32.507 32.327 32.147 31.967 31.787 31.608 31.428 31.248 31.068 30.888 30.708 30.528 30.348 30.168 29.988 29.808 29.628 29.448 29.268 29.088 28.908 28.728 28.548 28.368 28.188 28.008 27.828 27.648 27.468 27.288 27.108 26.928 26.748 26.568 26.388 26.208 26.028 25.848 25.668 25.488 25.308 25.128 24.948 24.768 24.588 24.408 24.228 24.048 23.868 23.688 23.508 23.328
35.954 35.774 35.594 35.414 35.234 35.054 34.875 34.695 34.515 34.335 34.155 33.975 33.795 33.615 33.435 33.255 33.076 32.896 32.716 32.536 32.356 32.176 31.996 31.816 31.636 31.456 31.276 31.097 30.917 30.737 30.557 30.377 30.197 30.017 29.837 29.657 29.477 29.298 29.118 28.938 28.758 28.578 28.398 28.218 28.038 27.858 27.678 27.498 27.319 27.139 26.959 26.779 26.599 26.419 26.239 26.059 25.879 25.699 25.520 25.340 25.160 24.980 24.800 24.620 24.440 24.260 24.080 23.900 23.721 23.541 23.361
35.981 35.801 35.621 35.442 35.262 35.082 34.902 34.722 34.542 34.363 34.183 34.003 33.823 33.643 33.464 33.284 33.104 32.924 32.744 32.564 32.385 32.205 32.025 31.845 31.665 31.485 31.306 31.126 30.946 30.766 30.586 30.406 30.227 30.047 29.867 29.687 29.507 29.327 29.148 28.968 28.788 28.608 28.428 28.248 28.069 27.889 27.709 27.529 27.349 27.170 26.990 26.810 26.630 26.450 26.270 26.091 25.911 25.731 25.551 25.371 25.191 25.012 24.832 24.652 24.472 24.292 24.112 23.933 23.753 23.573 23.393
36.008 35.829 35.649 35.469 35.289 35.110 34.930 34.750 34.570 34.391 34.211 34.031 33.851 33.672 33.492 33.312 33.132 32.953 32.773 32.593 32.413 32.234 32.054 31.874 31.694 31.515 31.335 31.155 30.975 30.795 30.616 30.436 30.256 30.076 29.897 29.717 29.537 29.357 29.178 28.998 28.818 28.638 28.459 28.279 28.099 27.919 27.740 27.560 27.380 27.200 27.021 26.841 26.661 26.481 26.302 26.122 25.942 25.762 25.583 25.403 25.223 25.043 24.864 24.684 24.504 24.324 24.145 23.965 23.785 23.605 23.426
36.036 35.856 35.676 35.497 35.317 35.137 34.958 34.778 34.598 34.419 34.239 34.059 33.880 33.700 33.520 33.340 33.161 32.981 32.801 32.622 32.442 32.262 32.083 31.903 31.723 31.544 31.364 31.184 31.005 30.825 30.645 30.466 30.286 30.106 29.927 29.747 29.567 29.388 29.208 29.028 28.849 28.669 28.489 28.310 28.130 27.950 27.771 27.591 27.411 27.232 27.052 26.872 26.692 26.513 26.333 26.153 25.974 25.794 25.614 25.435 25.255 25.075 24.896 24.716 24.536 24.357 24.177 23.997 23.818 23.638 23.458
36.063 35.883 35.704 35.524 35.345 35.165 34.985 34.806 34.626 34.447 34.267 34.087 33.908 33.728 33.549 33.369 33.189 33.010 32.830 32.651 32.471 32.291 32.112 31.932 31.753 31.573 31.393 31.214 31.034 30.855 30.675 30.495 30.316 30.136 29.957 29.777 29.597 29.418 29.238 29.059 28.879 28.700 28.520 28.340 28.161 27.981 27.802 27.622 27.442 27.263 27.083 26.904 26.724 26.544 26.365 26.185 26.006 25.826 25.646 25.467 25.287 25.108 24.928 24.748 24.569 24.389 24.210 24.030 23.850 23.671 23.491
36.091 35.911 35.732 35.552 35.372 35.193 35.013 34.834 34.654 34.475 34.295 34.116 33.936 33.757 33.577 33.398 33.218 33.039 32.859 32.680 32.500 32.321 32.141 31.962 31.782 31.603 31.423 31.243 31.064 30.884 30.705 30.525 30.346 30.166 29.987 29.807 29.628 29.448 29.269 29.089 28.910 28.730 28.551 28.371 28.192 28.012 27.833 27.653 27.474 27.294 27.115 26.935 26.755 26.576 26.396 26.217 26.037 25.858 25.678 25.499 25.319 25.140 24.960 24.781 24.601 24.422 24.242 24.063 23.883 23.704 23.524
36.118 35.939 35.759 35.580 35.400 35.221 35.042 34.862 34.683 34.503 34.324 34.144 33.965 33.785 33.606 33.427 33.247 33.068 32.888 32.709 32.529 32.350 32.170 31.991 31.812 31.632 31.453 31.273 31.094 30.914 30.735 30.555 30.376 30.197 30.017 29.838 29.658 29.479 29.299 29.120 28.940 28.761 28.582 28.402 28.223 28.043 27.864 27.684 27.505 27.325 27.146 26.967 26.787 26.608 26.428 26.249 26.069 25.890 25.710 25.531 25.352 25.172 24.993 24.813 24.634 24.454 24.275 24.095 23.916 23.737 23.557
36.146 35.967 35.787 35.608 35.428 35.249 35.070 34.890 34.711 34.532 34.352 34.173 33.994 33.814 33.635 33.455 33.276 33.097 32.917 32.738 32.559 32.379 32.200 32.020 31.841 31.662 31.482 31.303 31.124 30.944 30.765 30.586 30.406 30.227 30.047 29.868 29.689 29.509 29.330 29.151 28.971 28.792 28.613 28.433 28.254 28.074 27.895 27.716 27.536 27.357 27.178 26.998 26.819 26.640 26.460 26.281 26.101 25.922 25.743 25.563 25.384 25.205 25.025 24.846 24.667 24.487 24.308 24.128 23.949 23.770 23.590
36.174 35.994 35.815 35.636 35.457 35.277 35.098 34.919 34.739 34.560 34.381 34.202 34.022 33.843 33.664 33.484 33.305 33.126 32.947 32.767 32.588 32.409 32.229 32.050 31.871 31.692 31.512 31.333 31.154 30.974 30.795 30.616 30.437 30.257 30.078 29.899 29.719 29.540 29.361 29.182 29.002 28.823 28.644 28.464 28.285 28.106 27.926 27.747 27.568 27.389 27.209 27.030 26.851 26.671 26.492 26.313 26.134 25.954 25.775 25.596 25.416 25.237 25.058 24.879 24.699 24.520 24.341 24.161 23.982 23.803 23.624
36.202 36.022 35.843 35.664 35.485 35.306 35.126 34.947 34.768 34.589 34.410 34.230 34.051 33.872 33.693 33.513 33.334 33.155 32.976 32.797 32.617 32.438 32.259 32.080 31.901 31.721 31.542 31.363 31.184 31.005 30.825 30.646 30.467 30.288 30.109 29.929 29.750 29.571 29.392 29.212 29.033 28.854 28.675 28.496 28.316 28.137 27.958 27.779 27.600 27.420 27.241 27.062 26.883 26.704 26.524 26.345 26.166 25.987 25.807 25.628 25.449 25.270 25.091 24.911 24.732 24.553 24.374 24.195 24.015 23.836 23.657
36.230 36.050 35.871 35.692 35.513 35.334 35.155 34.976 34.797 34.617 34.438 34.259 34.080 33.901 33.722 33.543 33.364 33.184 33.005 32.826 32.647 32.468 32.289 32.110 31.930 31.751 31.572 31.393 31.214 31.035 30.856 30.677 30.497 30.318 30.139 29.960 29.781 29.602 29.423 29.244 29.064 28.885 28.706 28.527 28.348 28.169 27.990 27.810 27.631 27.452 27.273 27.094 26.915 26.736 26.557 26.377 26.198 26.019 25.840 25.661 25.482 25.303 25.124 24.944 24.765 24.586 24.407 24.228 24.049 23.870 23.690
36.258 36.079 35.900 35.721 35.542 35.362 35.183 35.004 34.825 34.646 34.467 34.288 34.109 33.930 33.751 33.572 33.393 33.214 33.035 32.856 32.677 32.498 32.319 32.140 31.960 31.781 31.602 31.423 31.244 31.065 30.886 30.707 30.528 30.349 30.170 29.991 29.812 29.633 29.454 29.275 29.096 28.917 28.738 28.558 28.379 28.200 28.021 27.842 27.663 27.484 27.305 27.126 26.947 26.768 26.589 26.410 26.231 26.052 25.873 25.694 25.515 25.336 25.157 24.977 24.798 24.619 24.440 24.261 24.082 23.903 23.724
36.286 36.107 35.928 35.749 35.570 35.391 35.212 35.033 34.854 34.675 34.496 34.317 34.138 33.959 33.780 33.601 33.422 33.243 33.064 32.885 32.706 32.527 32.348 32.170 31.991 31.812 31.633 31.454 31.275 31.096 30.917 30.738 30.559 30.380 30.201 30.022 29.843 29.664 29.485 29.306 29.127 28.948 28.769 28.590 28.411 28.232 28.053 27.874 27.695 27.516 27.337 27.158 26.979 26.800 26.621 26.442 26.263 26.084 25.905 25.727 25.548 25.369 25.190 25.011 24.832 24.653 24.474 24.295 24.116 23.937 23.758
36.314 36.135 35.956 35.777 35.599 35.420 35.241 35.062 34.883 34.704 34.525 34.346 34.167 33.989 33.810 33.631 33.452 33.273 33.094 32.915 32.736 32.557 32.379 32.200 32.021 31.842 31.663 31.484 31.305 31.126 30.947 30.768 30.590 30.411 30.232 30.053 29.874 29.695 29.516 29.337 29.158 28.980 28.801 28.622 28.443 28.264 28.085 27.906 27.727 27.548 27.370 27.191 27.012 26.833 26.654 26.475 26.296 26.117 25.938 25.759 25.581 25.402 25.223 25.044 24.865 24.686 24.507 24.328 24.149 23.971 23.792
36.342 36.164 35.985 35.806 35.627 35.448 35.270 35.091 34.912 34.733 34.554 34.376 34.197 34.018 33.839 33.660 33.481 33.303 33.124 32.945 32.766 32.587 32.409 32.230 32.051 31.872 31.693 31.515 31.336 31.157 30.978 30.799 30.620 30.442 30.263 30.084 29.905 29.726 29.548 29.369 29.190 29.011 28.832 28.654 28.475 28.296 28.117 27.938 27.759 27.581 27.402 27.223 27.044 26.865 26.687 26.508 26.329 26.150 25.971 25.793 25.614 25.435 25.256 25.077 24.898 24.720 24.541 24.362 24.183 24.004 23.826
36.371 36.192 36.013 35.835 35.656 35.477 35.299 35.120 34.941 34.762 34.584 34.405 34.226 34.047 33.869 33.690 33.511 33.332 33.154 32.975 32.796 32.618 32.439 32.260 32.081 31.903 31.724 31.545 31.366 31.188 31.009 30.830 30.651 30.473 30.294 30.115 29.936 29.758 29.579 29.400 29.222 29.043 28.864 28.685 28.507 28.328 28.149 27.970 27.792 27.613 27.434 27.255 27.077 26.898 26.719 26.541 26.362 26.183 26.004 25.826 25.647 25.468 25.289 25.111 24.932 24.753 24.574 24.396 24.217 24.038 23.860
36.399 36.221 36.042 35.863 35.685 35.506 35.327 35.149 34.970 34.792 34.613 34.434 34.256 34.077 33.898 33.720 33.541 33.362 33.184 33.005 32.826 32.648 32.469 32.290 32.112 31.933 31.754 31.576 31.397 31.218 31.040 30.861 30.682 30.504 30.325 30.147 29.968 29.789 29.611 29.432 29.253 29.075 28.896 28.717 28.539 28.360 28.181 28.003 27.824 27.645 27.467 27.288 27.109 26.931 26.752 26.573 26.395 26.216 26.038 25.859 25.680 25.502 25.323 25.144 24.966 24.787 24.608 24.430 24.251 24.072 23.894
36.428 36.249 36.071 35.892 35.714 35.535 35.357 35.178 34.999 34.821 34.642 34.464 34.285 34.107 33.928 33.749 33.571 33.392 33.214 33.035 32.857 32.678 32.499 32.321 32.142 31.964 31.785 31.606 31.428 31.249 31.071 30.892 30.714 30.535 30.356 30.178 29.999 29.821 29.642 29.464 29.285 29.106 28.928 28.749 28.571 28.392 28.214 28.035 27.856 27.678 27.499 27.321 27.142 26.964 26.785 26.606 26.428 26.249 26.071 25.892 25.714 25.535 25.356 25.178 24.999 24.821 24.642 24.464 24.285 24.106 23.928
36.457 36.278 36.100 35.921 35.743 35.564 35.386 35.207 35.029 34.850 34.672 34.493 34.315 34.136 33.958 33.779 33.601 33.422 33.244 33.065 32.887 32.708 32.530 32.351 32.173 31.994 31.816 31.637 31.459 31.280 31.102 30.923 30.745 30.566 30.388 30.209 30.031 29.852 29.674 29.495 29.317 29.138 28.960 28.781 28.603 28.424 28.246 28.067 27.889 27.710 27.532 27.353 27.175 26.996 26.818 26.640 26.461 26.283 26.104 25.926 25.747 25.569 25.390 25.212 25.033 24.855 24.676 24.498 24.319 24.141 23.962
36.485 36.307 36.128 35.950 35.772 35.593 35.415 35.236 35.058 34.880 34.701 34.523 34.344 34.166 33.988 33.809 33.631 33.452 33.274 33.095 32.917 32.739 32.560 32.382 32.203 32.025 31.847 31.668 31.490 31.311 31.133 30.955 30.776 30.598 30.419 30.241 30.062 29.884 29.706 29.527 29.349 29.170 28.992 28.814 28.635 28.457 28.278 28.100 27.922 27.743 27.565 27.386 27.208 27.029 26.851 26.673 26.494 26.316 26.137 25.959 25.781 25.602 25.424 25.245 25.067 24.889 24.710 24.532 24.353 24.175 23.996
36.514 36.336 36.157 35.979 35.801 35.622 35.444 35.266 35.087 34.909 34.731 34.552 34.374 34.196 34.017 33.839 33.661 33.482 33.304 33.126 32.947 32.769 32.591 32.412 32.234 32.056 31.877 31.699 31.521 31.342 31.164 30.986 30.807 30.629 30.451 30.272 30.094 29.916 29.738 29.559 29.381 29.203 29.024 28.846 28.668 28.489 28.311 28.133 27.954 27.776 27.598 27.419 27.241 27.063 26.884 26.706 26.528 26.349 26.171 25.993 25.814 25.636 25.458 25.279 25.101 24.923 24.744 24.566 24.388 24.209 24.031
36.543 36.365 36.186 36.008 35.830 35.652 35.473 35.295 35.117 34.939 34.760 34.582 34.404 34.226 34.047 33.869 33.691 33.513 33.334 33.156 32.978 32.800 32.621 32.443 32.265 32.087 31.908 31.730 31.552 31.374 31.195 31.017 30.839 30.661 30.482 30.304 30.126 29.948 29.769 29.591 29.413 29.235 29.056 28.878 28.700 28.522 28.343 28.165 27.987 27.809 27.630 27.452 27.274 27.096 26.917 26.739 26.561 26.383 26.204 26.026 25.848 25.670 25.491 25.313 25.135 24.957 24.778 24.600 24.422 24.244 24.065
36.572 36.394 36.215 36.037 35.859 35.681 35.503 35.325 35.146 34.968 34.790 34.612 34.434 34.256 34.077 33.899 33.721 33.543 33.365 33.187 33.008 32.830 32.652 32.474 32.296 32.118 31.939 31.761 31.583 31.405 31.227 31.049 30.870 30.692 30.514 30.336 30.158 29.980 29.801 29.623 29.445 29.267 29.089 28.911 28.732 28.554 28.376 28.198 28.020 27.842 27.663 27.485 27.307 27.129 26.951 26.773 26.594 26.416 26.238 26.060 25.882 25.704 25.525 25.347 25.169 24.991 24.813 24.634 24.456 24.278 24.100
36.601 36.423 36.245 36.067 35.888 35.710 35.532 35.354 35.176 34.998 34.820 34.642 34.464 34.286 34.108 33.929 33.751 33.573 33.395 33.217 33.039 32.861 32.683 32.505 32.327 32.149 31.971 31.792 31.614 31.436 31.258 31.080 30.902 30.724 30.546 30.368 30.190 30.012 29.833 29.655 29.477 29.299 29.121 28.943 28.765 28.587 28.409 28.231 28.053 27.874 27.696 27.518 27.340 27.162 26.984 26.806 26.628 26.450 26.272 26.094 25.916 25.737 25.559 25.381 25.203 25.025 24.847 24.669 24.491 24.313 24.135
36.630 36.452 36.274 36.096 35.918 35.740 35.562 35.384 35.206 35.028 34.850 34.672 34.494 34.316 34.138 33.960 33.782 33.604 33.426 33.248 33.070 32.892 32.714 32.536 32.358 32.180 32.002 31.824 31.646 31.468 31.290 31.112 30.934 30.756 30.578 30.400 30.222 30.044 29.866 29.688 29.510 29.332 29.154 28.976 28.798 28.620 28.442 28.264 28.085 27.907 27.729 27.551 27.373 27.195 27.017 26.839 26.661 26.483 26.305 26.127 25.949 25.771 25.593 25.415 25.237 25.059 24.881 24.703 24.525 24.347 24.169
36.659 36.481 36.303 36.125 35.947 35.769 35.591 35.413 35.235 35.058 34.880 34.702 34.524 34.346 34.168 33.990 33.812 33.634 33.456 33.278 33.100 32.922 32.745 32.567 32.389 32.211 32.033 31.855 31.677 31.499 31.321 31.143 30.965 30.787 30.609 30.431 30.254 30.076 29.898 29.720 29.542 29.364 29.186 29.008 28.830 28.652 28.474 28.296 28.118 27.941 27.763 27.585 27.407 27.229 27.051 26.873 26.695 26.517 26.339 26.161 25.983 25.805 25.628 25.450 25.272 25.094 24.916 24.738 24.560 24.382 24.204
36.688 36.510 36.332 36.154 35.977 35.799 35.621 35.443 35.265 35.087 34.910 34.732 34.554 34.376 34.198 34.020 33.842 33.665 33.487 33.309 33.131 32.953 32.775 32.598 32.420 32.242 32.064 31.886 31.708 31.531 31.353 31.175 30.997 30.819 30.641 30.463 30.286 30.108 29.930 29.752 29.574 29.396 29.219 29.041 28.863 28.685 28.507 28.329 28.152 27.974 27.796 27.618 27.440 27.262 27.084 26.907 26.729 26.551 26.373 26.195 26.017 25.840 25.662 25.484 25.306 25.128 24.950 24.773 24.595 24.417 24.239
36.717 36.539 36.362 36.184 36.006 35.828 35.651 35.473 35.295 35.117 34.940 34.762 34.584 34.406 34.228 34.051 33.873 33.695 33.517 33.340 33.162 32.984 32.806 32.629 32.451 32.273 32.095 31.918 31.740 31.562 31.384 31.207 31.029 30.851 30.673 30.496 30.318 30.140 29.962 29.784 29.607 29.429 29.251 29.073 28.896 28.718 28.540 28.362 28.185 28.007 27.829 27.651 27.474 27.296 27.118 26.940 26.763 26.585 26.407 26.229 26.051 25.874 25.696 25.518 25.340 25.163 24.985 24.807 24.629 24.452 24.274
36.746 36.569 36.391 36.213 36.036 35.858 35.680 35.503 35.325 35.147 34.970 34.792 34.614 34.437 34.259 34.081 33.903 33.726 33.548 33.370 33.193 33.015 32.837 32.660 32.482 32.304 32.127 31.949 31.771 31.594 31.416 31.238 31.061 30.883 30.705 30.528 30.350 30.172 29.995 29.817 29.639 29.462 29.284 29.106 28.928 28.751 28.573 28.395 28.218 28.040 27.862 27.685 27.507 27.329 27.152 26.974 26.796 26.619 26.441 26.263 26.086 25.908 25.730 25.553 25.375 25.197 25.020 24.842 24.664 24.487 24.309
36.776 36.598 36.420 36.243 36.065 35.888 35.710 35.532 35.355 35.177 35.000 34.822 34.644 34.467 34.289 34.112 33.934 33.756 33.579 33.401 33.224 33.046 32.868 32.691 32.513 32.336 32.158 31.980 31.803 31.625 31.448 31.270 31.093 30.915 30.737 30.560 30.382 30.205 30.027 29.849 29.672 29.494 29.317 29.139 28.961 28.784 28.606 28.429 28.251 28.073 27.896 27.718 27.541 27.363 27.185 27.008 26.830 26.653 26.475 26.297 26.120 25.942 25.765 25.587 25.409 25.232 25.054 24.877 24.699 24.521 24.344
36.805 36.627 36.450 36.272 36.095 35.917 35.740 35.562 35.385 35.207 35.030 34.852 34.675 34.497 34.320 34.142 33.965 33.787 33.610 33.432 33.255 33.077 32.900 32.722 32.545 32.367 32.190 32.012 31.834 31.657 31.479 31.302 31.124 30.947 30.769 30.592 30.414 30.237 30.059 29.882 29.704 29.527 29.349 29.172 28.994 28.817 28.639 28.462 28.284 28.107 27.929 27.752 27.574 27.397 27.219 27.042 26.864 26.687 26.509 26.332 26.154 25.977 25.799 25.621 25.444 25.266 25.089 24.911 24.734 24.556 24.379
