in/test_suite/GMD2017/CliffFineBays/consolidated_fine_01.asc
ncols	500
nrows	1000
xllcorner	1.000
yllcorner	1.000
cellsize	1.000
NODATA_value	-9999.000
[rows 640 to 671 of 1000, columns 355 to 425 of 500]
36.447 36.269 36.090 35.911 35.733 35.554 35.376 35.197 35.019 34.840 34.662 34.483 34.305 34.126 33.948 33.769 33.591 33.412 33.234 33.055 32.877 32.698 32.520 32.341 32.163 31.984 31.806 31.627 31.449 31.270 31.091 30.913 30.734 30.556 30.377 30.199 30.020 29.842 29.663 29.485 29.306 29.128 28.949 28.771 28.592 28.414 28.235 28.057 27.878 27.700 27.521 27.343 27.164 26.986 26.807 26.628 26.450 26.271 26.093 25.914 25.736 25.557 25.379 25.200 25.022 24.843 24.665 24.486 24.308 24.129 23.951
36.476 36.297 36.119 35.940 35.762 35.584 35.405 35.227 35.048 34.870 34.691 34.513 34.334 34.156 33.978 33.799 33.621 33.442 33.264 33.085 32.907 32.729 32.550 32.372 32.193 32.015 31.836 31.658 31.479 31.301 31.123 30.944 30.766 30.587 30.409 30.230 30.052 29.873 29.695 29.517 29.338 29.160 28.981 28.803 28.624 28.446 28.268 28.089 27.911 27.732 27.554 27.375 27.197 27.018 26.840 26.662 26.483 26.305 26.126 25.948 25.769 25.591 25.413 25.234 25.056 24.877 24.699 24.520 24.342 24.163 23.985
36.504 36.326 36.148 35.969 35.791 35.613 35.434 35.256 35.078 34.899 34.721 34.543 34.364 34.186 34.007 33.829 33.651 33.472 33.294 33.116 32.937 32.759 32.581 32.402 32.224 32.046 31.867 31.689 31.510 31.332 31.154 30.975 30.797 30.619 30.440 30.262 30.084 29.905 29.727 29.549 29.370 29.192 29.013 28.835 28.657 28.478 28.300 28.122 27.943 27.765 27.587 27.408 27.230 27.052 26.873 26.695 26.516 26.338 26.160 25.981 25.803 25.625 25.446 25.268 25.090 24.911 24.733 24.554 24.376 24.198 24.019
36.533 36.355 36.177 35.998 35.820 35.642 35.464 35.285 35.107 34.929 34.751 34.572 34.394 34.216 34.037 33.859 33.681 33.503 33.324 33.146 32.968 32.789 32.611 32.433 32.255 32.076 31.898 31.720 31.542 31.363 31.185 31.007 30.828 30.650 30.472 30.294 30.115 29.937 29.759 29.580 29.402 29.224 29.046 28.867 28.689 28.511 28.333 28.154 27.976 27.798 27.619 27.441 27.263 27.085 26.906 26.728 26.550 26.372 26.193 26.015 25.837 25.658 25.480 25.302 25.124 24.945 24.767 24.589 24.410 24.232 24.054
36.562 36.384 36.206 36.028 35.849 35.671 35.493 35.315 35.137 34.958 34.780 34.602 34.424 34.246 34.067 33.889 33.711 33.533 33.355 33.176 32.998 32.820 32.642 32.464 32.285 32.107 31.929 31.751 31.573 31.394 31.216 31.038 30.860 30.682 30.504 30.325 30.147 29.969 29.791 29.613 29.434 29.256 29.078 28.900 28.722 28.543 28.365 28.187 28.009 27.831 27.652 27.474 27.296 27.118 26.940 26.761 26.583 26.405 26.227 26.049 25.870 25.692 25.514 25.336 25.158 24.979 24.801 24.623 24.445 24.267 24.088
36.591 36.413 36.235 36.057 35.879 35.701 35.522 35.344 35.166 34.988 34.810 34.632 34.454 34.276 34.098 33.919 33.741 33.563 33.385 33.207 33.029 32.851 32.673 32.494 32.316 32.138 31.960 31.782 31.604 31.426 31.248 31.070 30.891 30.713 30.535 30.357 30.179 30.001 29.823 29.645 29.467 29.288 29.110 28.932 28.754 28.576 28.398 28.220 28.042 27.863 27.685 27.507 27.329 27.151 26.973 26.795 26.617 26.439 26.260 26.082 25.904 25.726 25.548 25.370 25.192 25.014 24.836 24.657 24.479 24.301 24.123
36.620 36.442 36.264 36.086 35.908 35.730 35.552 35.374 35.196 35.018 34.840 34.662 34.484 34.306 34.128 33.950 33.772 33.594 33.416 33.237 33.059 32.881 32.703 32.525 32.347 32.169 31.991 31.813 31.635 31.457 31.279 31.101 30.923 30.745 30.567 30.389 30.211 30.033 29.855 29.677 29.499 29.321 29.143 28.965 28.787 28.609 28.431 28.253 28.075 27.896 27.718 27.540 27.362 27.184 27.006 26.828 26.650 26.472 26.294 26.116 25.938 25.760 25.582 25.404 25.226 25.048 24.870 24.692 24.514 24.336 24.158
36.649 36.471 36.293 36.115 35.937 35.759 35.581 35.404 35.226 35.048 34.870 34.692 34.514 34.336 34.158 33.980 33.802 33.624 33.446 33.268 33.090 32.912 32.734 32.556 32.378 32.200 32.022 31.844 31.667 31.489 31.311 31.133 30.955 30.777 30.599 30.421 30.243 30.065 29.887 29.709 29.531 29.353 29.175 28.997 28.819 28.641 28.463 28.285 28.107 27.930 27.752 27.574 27.396 27.218 27.040 26.862 26.684 26.506 26.328 26.150 25.972 25.794 25.616 25.438 25.260 25.082 24.904 24.726 24.548 24.370 24.193
36.678 36.500 36.323 36.145 35.967 35.789 35.611 35.433 35.255 35.077 34.900 34.722 34.544 34.366 34.188 34.010 33.832 33.654 33.477 33.299 33.121 32.943 32.765 32.587 32.409 32.232 32.054 31.876 31.698 31.520 31.342 31.164 30.986 30.809 30.631 30.453 30.275 30.097 29.919 29.741 29.563 29.386 29.208 29.030 28.852 28.674 28.496 28.318 28.141 27.963 27.785 27.607 27.429 27.251 27.073 26.895 26.718 26.540 26.362 26.184 26.006 25.828 25.650 25.472 25.295 25.117 24.939 24.761 24.583 24.405 24.227
36.707 36.530 36.352 36.174 35.996 35.818 35.641 35.463 35.285 35.107 34.930 34.752 34.574 34.396 34.218 34.041 33.863 33.685 33.507 33.329 33.152 32.974 32.796 32.618 32.440 32.263 32.085 31.907 31.729 31.552 31.374 31.196 31.018 30.840 30.663 30.485 30.307 30.129 29.951 29.774 29.596 29.418 29.240 29.063 28.885 28.707 28.529 28.351 28.174 27.996 27.818 27.640 27.462 27.285 27.107 26.929 26.751 26.573 26.396 26.218 26.040 25.862 25.685 25.507 25.329 25.151 24.973 24.796 24.618 24.440 24.262
36.737 36.559 36.381 36.203 36.026 35.848 35.670 35.493 35.315 35.137 34.960 34.782 34.604 34.426 34.249 34.071 33.893 33.716 33.538 33.360 33.182 33.005 32.827 32.649 32.472 32.294 32.116 31.939 31.761 31.583 31.405 31.228 31.050 30.872 30.695 30.517 30.339 30.161 29.984 29.806 29.628 29.451 29.273 29.095 28.918 28.740 28.562 28.384 28.207 28.029 27.851 27.674 27.496 27.318 27.140 26.963 26.785 26.607 26.430 26.252 26.074 25.897 25.719 25.541 25.363 25.186 25.008 24.830 24.653 24.475 24.297
36.766 36.588 36.411 36.233 36.055 35.878 35.700 35.522 35.345 35.167 34.990 34.812 34.634 34.457 34.279 34.101 33.924 33.746 33.569 33.391 33.213 33.036 32.858 32.680 32.503 32.325 32.148 31.970 31.792 31.615 31.437 31.259 31.082 30.904 30.727 30.549 30.371 30.194 30.016 29.839 29.661 29.483 29.306 29.128 28.950 28.773 28.595 28.418 28.240 28.062 27.885 27.707 27.529 27.352 27.174 26.997 26.819 26.641 26.464 26.286 26.108 25.931 25.753 25.576 25.398 25.220 25.043 24.865 24.687 24.510 24.332
36.795 36.618 36.440 36.262 36.085 35.907 35.730 35.552 35.375 35.197 35.020 34.842 34.665 34.487 34.310 34.132 33.954 33.777 33.599 33.422 33.244 33.067 32.889 32.712 32.534 32.357 32.179 32.001 31.824 31.646 31.469 31.291 31.114 30.936 30.759 30.581 30.404 30.226 30.049 29.871 29.693 29.516 29.338 29.161 28.983 28.806 28.628 28.451 28.273 28.096 27.918 27.740 27.563 27.385 27.208 27.030 26.853 26.675 26.498 26.320 26.143 25.965 25.788 25.610 25.432 25.255 25.077 24.900 24.722 24.545 24.367
36.824 36.647 36.470 36.292 36.115 35.937 35.760 35.582 35.405 35.227 35.050 34.872 34.695 34.517 34.340 34.163 33.985 33.808 33.630 33.453 33.275 33.098 32.920 32.743 32.565 32.388 32.210 32.033 31.856 31.678 31.501 31.323 31.146 30.968 30.791 30.613 30.436 30.258 30.081 29.904 29.726 29.549 29.371 29.194 29.016 28.839 28.661 28.484 28.306 28.129 27.951 27.774 27.597 27.419 27.242 27.064 26.887 26.709 26.532 26.354 26.177 25.999 25.822 25.644 25.467 25.290 25.112 24.935 24.757 24.580 24.402
36.854 36.676 36.499 36.322 36.144 35.967 35.790 35.612 35.435 35.257 35.080 34.903 34.725 34.548 34.371 34.193 34.016 33.838 33.661 33.484 33.306 33.129 32.952 32.774 32.597 32.419 32.242 32.065 31.887 31.710 31.532 31.355 31.178 31.000 30.823 30.646 30.468 30.291 30.113 29.936 29.759 29.581 29.404 29.227 29.049 28.872 28.694 28.517 28.340 28.162 27.985 27.808 27.630 27.453 27.275 27.098 26.921 26.743 26.566 26.389 26.211 26.034 25.856 25.679 25.502 25.324 25.147 24.970 24.792 24.615 24.437
36.883 36.706 36.529 36.351 36.174 35.997 35.819 35.642 35.465 35.288 35.110 34.933 34.756 34.578 34.401 34.224 34.046 33.869 33.692 33.515 33.337 33.160 32.983 32.805 32.628 32.451 32.274 32.096 31.919 31.742 31.564 31.387 31.210 31.032 30.855 30.678 30.501 30.323 30.146 29.969 29.791 29.614 29.437 29.260 29.082 28.905 28.728 28.550 28.373 28.196 28.018 27.841 27.664 27.487 27.309 27.132 26.955 26.777 26.600 26.423 26.246 26.068 25.891 25.714 25.536 25.359 25.182 25.004 24.827 24.650 24.473
36.913 36.735 36.558 36.381 36.204 36.027 35.849 35.672 35.495 35.318 35.140 34.963 34.786 34.609 34.432 34.254 34.077 33.900 33.723 33.546 33.368 33.191 33.014 32.837 32.660 32.482 32.305 32.128 31.951 31.773 31.596 31.419 31.242 31.065 30.887 30.710 30.533 30.356 30.179 30.001 29.824 29.647 29.470 29.292 29.115 28.938 28.761 28.584 28.406 28.229 28.052 27.875 27.698 27.520 27.343 27.166 26.989 26.812 26.634 26.457 26.280 26.103 25.925 25.748 25.571 25.394 25.217 25.039 24.862 24.685 24.508
36.942 36.765 36.588 36.411 36.234 36.056 35.879 35.702 35.525 35.348 35.171 34.994 34.816 34.639 34.462 34.285 34.108 33.931 33.754 33.577 33.399 33.222 33.045 32.868 32.691 32.514 32.337 32.160 31.982 31.805 31.628 31.451 31.274 31.097 30.920 30.743 30.565 30.388 30.211 30.034 29.857 29.680 29.503 29.325 29.148 28.971 28.794 28.617 28.440 28.263 28.086 27.908 27.731 27.554 27.377 27.200 27.023 26.846 26.669 26.491 26.314 26.137 25.960 25.783 25.606 25.429 25.252 25.074 24.897 24.720 24.543
36.972 36.794 36.617 36.440 36.263 36.086 35.909 35.732 35.555 35.378 35.201 35.024 34.847 34.670 34.493 34.316 34.139 33.962 33.785 33.608 33.431 33.254 33.076 32.899 32.722 32.545 32.368 32.191 32.014 31.837 31.660 31.483 31.306 31.129 30.952 30.775 30.598 30.421 30.244 30.067 29.890 29.713 29.536 29.359 29.181 29.004 28.827 28.650 28.473 28.296 28.119 27.942 27.765 27.588 27.411 27.234 27.057 26.880 26.703 26.526 26.349 26.172 25.995 25.818 25.641 25.464 25.286 25.109 24.932 24.755 24.578
37.001 36.824 36.647 36.470 36.293 36.116 35.939 35.762 35.585 35.408 35.231 35.054 34.877 34.700 34.524 34.347 34.170 33.993 33.816 33.639 33.462 33.285 33.108 32.931 32.754 32.577 32.400 32.223 32.046 31.869 31.692 31.515 31.338 31.161 30.984 30.807 30.630 30.453 30.276 30.099 29.922 29.746 29.569 29.392 29.215 29.038 28.861 28.684 28.507 28.330 28.153 27.976 27.799 27.622 27.445 27.268 27.091 26.914 26.737 26.560 26.383 26.206 26.029 25.852 25.675 25.498 25.321 25.144 24.967 24.791 24.614
37.031 36.854 36.677 36.500 36.323 36.146 35.969 35.792 35.615 35.439 35.262 35.085 34.908 34.731 34.554 34.377 34.200 34.024 33.847 33.670 33.493 33.316 33.139 32.962 32.785 32.609 32.432 32.255 32.078 31.901 31.724 31.547 31.370 31.193 31.017 30.840 30.663 30.486 30.309 30.132 29.955 29.778 29.602 29.425 29.248 29.071 28.894 28.717 28.540 28.363 28.186 28.010 27.833 27.656 27.479 27.302 27.125 26.948 26.771 26.595 26.418 26.241 26.064 25.887 25.710 25.533 25.356 25.180 25.003 24.826 24.649
37.060 36.883 36.706 36.530 36.353 36.176 35.999 35.822 35.646 35.469 35.292 35.115 34.938 34.762 34.585 34.408 34.231 34.054 33.878 33.701 33.524 33.347 33.171 32.994 32.817 32.640 32.463 32.287 32.110 31.933 31.756 31.579 31.403 31.226 31.049 30.872 30.695 30.519 30.342 30.165 29.988 29.811 29.635 29.458 29.281 29.104 28.927 28.751 28.574 28.397 28.220 28.043 27.867 27.690 27.513 27.336 27.159 26.983 26.806 26.629 26.452 26.275 26.099 25.922 25.745 25.568 25.391 25.215 25.038 24.861 24.684
37.090 36.913 36.736 36.559 36.383 36.206 36.029 35.853 35.676 35.499 35.322 35.146 34.969 34.792 34.616 34.439 34.262 34.085 33.909 33.732 33.555 33.379 33.202 33.025 32.848 32.672 32.495 32.318 32.142 31.965 31.788 31.611 31.435 31.258 31.081 30.905 30.728 30.551 30.374 30.198 30.021 29.844 29.668 29.491 29.314 29.137 28.961 28.784 28.607 28.431 28.254 28.077 27.900 27.724 27.547 27.370 27.194 27.017 26.840 26.663 26.487 26.310 26.133 25.957 25.780 25.603 25.426 25.250 25.073 24.896 24.720
37.119 36.943 36.766 36.589 36.413 36.236 36.059 35.883 35.706 35.529 35.353 35.176 35.000 34.823 34.646 34.470 34.293 34.116 33.940 33.763 33.587 33.410 33.233 33.057 32.880 32.703 32.527 32.350 32.173 31.997 31.820 31.644 31.467 31.290 31.114 30.937 30.760 30.584 30.407 30.231 30.054 29.877 29.701 29.524 29.347 29.171 28.994 28.817 28.641 28.464 28.288 28.111 27.934 27.758 27.581 27.404 27.228 27.051 26.875 26.698 26.521 26.345 26.168 25.991 25.815 25.638 25.461 25.285 25.108 24.932 24.755
37.149 36.972 36.796 36.619 36.443 36.266 36.089 35.913 35.736 35.560 35.383 35.207 35.030 34.854 34.677 34.500 34.324 34.147 33.971 33.794 33.618 33.441 33.265 33.088 32.912 32.735 32.558 32.382 32.205 32.029 31.852 31.676 31.499 31.323 31.146 30.970 30.793 30.616 30.440 30.263 30.087 29.910 29.734 29.557 29.381 29.204 29.027 28.851 28.674 28.498 28.321 28.145 27.968 27.792 27.615 27.439 27.262 27.085 26.909 26.732 26.556 26.379 26.203 26.026 25.850 25.673 25.497 25.320 25.143 24.967 24.790
37.178 37.002 36.825 36.649 36.472 36.296 36.120 35.943 35.767 35.590 35.414 35.237 35.061 34.884 34.708 34.531 34.355 34.178 34.002 33.825 33.649 33.473 33.296 33.120 32.943 32.767 32.590 32.414 32.237 32.061 31.884 31.708 31.531 31.355 31.178 31.002 30.826 30.649 30.473 30.296 30.120 29.943 29.767 29.590 29.414 29.237 29.061 28.884 28.708 28.531 28.355 28.179 28.002 27.826 27.649 27.473 27.296 27.120 26.943 26.767 26.590 26.414 26.237 26.061 25.885 25.708 25.532 25.355 25.179 25.002 24.826
37.208 37.031 36.855 36.679 36.502 36.326 36.150 35.973 35.797 35.620 35.444 35.268 35.091 34.915 34.739 34.562 34.386 34.209 34.033 33.857 33.680 33.504 33.327 33.151 32.975 32.798 32.622 32.446 32.269 32.093 31.916 31.740 31.564 31.387 31.211 31.034 30.858 30.682 30.505 30.329 30.153 29.976 29.800 29.623 29.447 29.271 29.094 28.918 28.742 28.565 28.389 28.212 28.036 27.860 27.683 27.507 27.330 27.154 26.978 26.801 26.625 26.449 26.272 26.096 25.919 25.743 25.567 25.390 25.214 25.037 24.861
37.218 37.041 36.865 36.689 36.512 36.336 36.160 35.983 35.807 35.631 35.454 35.278 35.101 34.925 34.749 34.572 34.396 34.220 34.043 33.867 33.691 33.514 33.338 33.162 32.985 32.809 32.633 32.456 32.280 32.103 31.927 31.751 31.574 31.398 31.222 31.045 30.869 30.693 30.516 30.340 30.164 29.987 29.811 29.634 29.458 29.282 29.105 28.929 28.753 28.576 28.400 28.224 28.047 27.871 27.695 27.518 27.342 27.166 26.989 26.813 26.636 26.460 26.284 26.107 25.931 25.755 25.578 25.402 25.226 25.049 24.873
37.188 37.012 36.835 36.659 36.482 36.306 36.130 35.953 35.777 35.600 35.424 35.247 35.071 34.894 34.718 34.542 34.365 34.189 34.012 33.836 33.659 33.483 33.307 33.130 32.954 32.777 32.601 32.424 32.248 32.071 31.895 31.719 31.542 31.366 31.189 31.013 30.836 30.660 30.484 30.307 30.131 29.954 29.778 29.601 29.425 29.248 29.072 28.896 28.719 28.543 28.366 28.190 28.013 27.837 27.661 27.484 27.308 27.131 26.955 26.778 26.602 26.425 26.249 26.073 25.896 25.720 25.543 25.367 25.190 25.014 24.838
37.159 36.982 36.806 36.629 36.452 36.276 36.099 35.923 35.746 35.570 35.393 35.217 35.040 34.864 34.687 34.511 34.334 34.158 33.981 33.805 33.628 33.452 33.275 33.099 32.922 32.746 32.569 32.393 32.216 32.039 31.863 31.686 31.510 31.333 31.157 30.980 30.804 30.627 30.451 30.274 30.098 29.921 29.745 29.568 29.392 29.215 29.039 28.862 28.686 28.509 28.333 28.156 27.979 27.803 27.626 27.450 27.273 27.097 26.920 26.744 26.567 26.391 26.214 26.038 25.861 25.685 25.508 25.332 25.155 24.979 24.802
37.129 36.952 36.776 36.599 36.423 36.246 36.069 35.893 35.716 35.540 35.363 35.186 35.010 34.833 34.657 34.480 34.303 34.127 33.950 33.774 33.597 33.420 33.244 33.067 32.891 32.714 32.537 32.361 32.184 32.007 31.831 31.654 31.478 31.301 31.124 30.948 30.771 30.595 30.418 30.241 30.065 29.888 29.712 29.535 29.358 29.182 29.005 28.829 28.652 28.475 28.299 28.122 27.946 27.769 27.592 27.416 27.239 27.063 26.886 26.709 26.533 26.356 26.180 26.003 25.826 25.650 25.473 25.297 25.120 24.943 24.767
37.099 36.923 36.746 36.569 36.393 36.216 36.039 35.863 35.686 35.509 35.333 35.156 34.979 34.803 34.626 34.449 34.272 34.096 33.919 33.742 33.566 33.389 33.212 33.036 32.859 32.682 32.506 32.329 32.152 31.976 31.799 31.622 31.445 31.269 31.092 30.915 30.739 30.562 30.385 30.209 30.032 29.855 29.679 29.502 29.325 29.149 28.972 28.795 28.618 28.442 28.265 28.088 27.912 27.735 27.558 27.382 27.205 27.028 26.852 26.675 26.498 26.322 26.145 25.968 25.791 25.615 25.438 25.261 25.085 24.908 24.731
