in/test_suite/GMD2017/CliffFineBays/consolidated_fine_01.asc
ncols	500
nrows	1000
xllcorner	1.000
yllcorner	1.000
cellsize	1.000
NODATA_value	-9999.000
[rows 576 to 607 of 1000, columns 355 to 425 of 500]
34.860 34.677 34.494 34.311 34.128 33.945 33.762 33.579 33.396 33.213 33.031 32.848 32.665 32.482 32.299 32.116 31.933 31.750 31.567 31.384 31.201 31.018 30.835 30.652 30.469 30.286 30.103 29.920 29.737 29.554 29.371 29.188 29.005 28.822 28.639 28.456 28.273 28.090 27.907 27.724 27.541 27.358 27.175 26.992 26.809 26.626 26.443 26.260 26.077 25.894 25.711 25.528 25.345 25.163 24.980 24.797 24.614 24.431 24.248 24.065 23.882 23.699 23.516 23.333 23.150 22.967 22.784 22.601 22.418 22.235 22.052
34.880 34.697 34.514 34.331 34.148 33.965 33.782 33.599 33.416 33.234 33.051 32.868 32.685 32.502 32.319 32.136 31.953 31.770 31.587 31.404 31.221 31.038 30.856 30.673 30.490 30.307 30.124 29.941 29.758 29.575 29.392 29.209 29.026 28.843 28.660 28.478 28.295 28.112 27.929 27.746 27.563 27.380 27.197 27.014 26.831 26.648 26.465 26.282 26.100 25.917 25.734 25.551 25.368 25.185 25.002 24.819 24.636 24.453 24.270 24.087 23.905 23.722 23.539 23.356 23.173 22.990 22.807 22.624 22.441 22.258 22.075
34.900 34.717 34.534 34.351 34.168 33.985 33.802 33.619 33.437 33.254 33.071 32.888 32.705 32.522 32.339 32.157 31.974 31.791 31.608 31.425 31.242 31.059 30.876 30.694 30.511 30.328 30.145 29.962 29.779 29.596 29.414 29.231 29.048 28.865 28.682 28.499 28.316 28.133 27.951 27.768 27.585 27.402 27.219 27.036 26.853 26.671 26.488 26.305 26.122 25.939 25.756 25.573 25.390 25.208 25.025 24.842 24.659 24.476 24.293 24.110 23.928 23.745 23.562 23.379 23.196 23.013 22.830 22.647 22.465 22.282 22.099
34.919 34.737 34.554 34.371 34.188 34.005 33.823 33.640 33.457 33.274 33.091 32.909 32.726 32.543 32.360 32.177 31.995 31.812 31.629 31.446 31.263 31.080 30.898 30.715 30.532 30.349 30.166 29.984 29.801 29.618 29.435 29.252 29.070 28.887 28.704 28.521 28.338 28.156 27.973 27.790 27.607 27.424 27.241 27.059 26.876 26.693 26.510 26.327 26.145 25.962 25.779 25.596 25.413 25.231 25.048 24.865 24.682 24.499 24.316 24.134 23.951 23.768 23.585 23.402 23.220 23.037 22.854 22.671 22.488 22.306 22.123
34.940 34.757 34.574 34.391 34.209 34.026 33.843 33.660 33.478 33.295 33.112 32.929 32.747 32.564 32.381 32.198 32.016 31.833 31.650 31.467 31.285 31.102 30.919 30.736 30.554 30.371 30.188 30.005 29.823 29.640 29.457 29.274 29.092 28.909 28.726 28.543 28.361 28.178 27.995 27.812 27.629 27.447 27.264 27.081 26.898 26.716 26.533 26.350 26.167 25.985 25.802 25.619 25.436 25.254 25.071 24.888 24.705 24.523 24.340 24.157 23.974 23.792 23.609 23.426 23.243 23.061 22.878 22.695 22.512 22.330 22.147
34.960 34.777 34.595 34.412 34.229 34.047 33.864 33.681 33.498 33.316 33.133 32.950 32.768 32.585 32.402 32.220 32.037 31.854 31.671 31.489 31.306 31.123 30.941 30.758 30.575 30.393 30.210 30.027 29.844 29.662 29.479 29.296 29.114 28.931 28.748 28.566 28.383 28.200 28.018 27.835 27.652 27.469 27.287 27.104 26.921 26.739 26.556 26.373 26.191 26.008 25.825 25.642 25.460 25.277 25.094 24.912 24.729 24.546 24.364 24.181 23.998 23.815 23.633 23.450 23.267 23.085 22.902 22.719 22.537 22.354 22.171
34.981 34.798 34.615 34.433 34.250 34.067 33.885 33.702 33.519 33.337 33.154 32.972 32.789 32.606 32.424 32.241 32.058 31.876 31.693 31.510 31.328 31.145 30.962 30.780 30.597 30.415 30.232 30.049 29.867 29.684 29.501 29.319 29.136 28.953 28.771 28.588 28.406 28.223 28.040 27.858 27.675 27.492 27.310 27.127 26.944 26.762 26.579 26.397 26.214 26.031 25.849 25.666 25.483 25.301 25.118 24.935 24.753 24.570 24.387 24.205 24.022 23.840 23.657 23.474 23.292 23.109 22.926 22.744 22.561 22.378 22.196
35.001 34.819 34.636 34.454 34.271 34.088 33.906 33.723 33.541 33.358 33.175 32.993 32.810 32.628 32.445 32.263 32.080 31.897 31.715 31.532 31.350 31.167 30.985 30.802 30.619 30.437 30.254 30.072 29.889 29.706 29.524 29.341 29.159 28.976 28.794 28.611 28.428 28.246 28.063 27.881 27.698 27.515 27.333 27.150 26.968 26.785 26.603 26.420 26.237 26.055 25.872 25.690 25.507 25.325 25.142 24.959 24.777 24.594 24.412 24.229 24.046 23.864 23.681 23.499 23.316 23.134 22.951 22.768 22.586 22.403 22.221
35.022 34.840 34.657 34.475 34.292 34.110 33.927 33.745 33.562 33.380 33.197 33.015 32.832 32.649 32.467 32.284 32.102 31.919 31.737 31.554 31.372 31.189 31.007 30.824 30.642 30.459 30.277 30.094 29.912 29.729 29.547 29.364 29.182 28.999 28.817 28.634 28.451 28.269 28.086 27.904 27.721 27.539 27.356 27.174 26.991 26.809 26.626 26.444 26.261 26.079 25.896 25.714 25.531 25.349 25.166 24.984 24.801 24.619 24.436 24.253 24.071 23.888 23.706 23.523 23.341 23.158 22.976 22.793 22.611 22.428 22.246
35.043 34.861 34.678 34.496 34.314 34.131 33.949 33.766 33.584 33.401 33.219 33.036 32.854 32.671 32.489 32.306 32.124 31.942 31.759 31.577 31.394 31.212 31.029 30.847 30.664 30.482 30.299 30.117 29.934 29.752 29.570 29.387 29.205 29.022 28.840 28.657 28.475 28.292 28.110 27.927 27.745 27.562 27.380 27.198 27.015 26.833 26.650 26.468 26.285 26.103 25.920 25.738 25.555 25.373 25.190 25.008 24.825 24.643 24.461 24.278 24.096 23.913 23.731 23.548 23.366 23.183 23.001 22.818 22.636 22.453 22.271
35.065 34.882 34.700 34.518 34.335 34.153 33.970 33.788 33.606 33.423 33.241 33.058 32.876 32.693 32.511 32.329 32.146 31.964 31.781 31.599 31.417 31.234 31.052 30.869 30.687 30.505 30.322 30.140 29.957 29.775 29.593 29.410 29.228 29.045 28.863 28.681 28.498 28.316 28.133 27.951 27.769 27.586 27.404 27.221 27.039 26.857 26.674 26.492 26.309 26.127 25.945 25.762 25.580 25.397 25.215 25.033 24.850 24.668 24.485 24.303 24.121 23.938 23.756 23.573 23.391 23.209 23.026 22.844 22.661 22.479 22.297
35.086 34.904 34.722 34.539 34.357 34.175 33.992 33.810 33.628 33.445 33.263 33.080 32.898 32.716 32.533 32.351 32.169 31.986 31.804 31.622 31.439 31.257 31.075 30.892 30.710 30.528 30.345 30.163 29.981 29.798 29.616 29.434 29.251 29.069 28.887 28.704 28.522 28.340 28.157 27.975 27.793 27.610 27.428 27.246 27.063 26.881 26.699 26.516 26.334 26.152 25.969 25.787 25.604 25.422 25.240 25.057 24.875 24.693 24.510 24.328 24.146 23.963 23.781 23.599 23.416 23.234 23.052 22.869 22.687 22.505 22.322
35.108 34.926 34.743 34.561 34.379 34.197 34.014 33.832 33.650 33.467 33.285 33.103 32.921 32.738 32.556 32.374 32.191 32.009 31.827 31.645 31.462 31.280 31.098 30.916 30.733 30.551 30.369 30.186 30.004 29.822 29.640 29.457 29.275 29.093 28.910 28.728 28.546 28.364 28.181 27.999 27.817 27.634 27.452 27.270 27.088 26.905 26.723 26.541 26.358 26.176 25.994 25.812 25.629 25.447 25.265 25.083 24.900 24.718 24.536 24.353 24.171 23.989 23.807 23.624 23.442 23.260 23.077 22.895 22.713 22.531 22.348
35.130 34.948 34.765 34.583 34.401 34.219 34.037 33.854 33.672 33.490 33.308 33.125 32.943 32.761 32.579 32.397 32.214 32.032 31.850 31.668 31.486 31.303 31.121 30.939 30.757 30.574 30.392 30.210 30.028 29.846 29.663 29.481 29.299 29.117 28.934 28.752 28.570 28.388 28.206 28.023 27.841 27.659 27.477 27.294 27.112 26.930 26.748 26.566 26.383 26.201 26.019 25.837 25.654 25.472 25.290 25.108 24.926 24.743 24.561 24.379 24.197 24.015 23.832 23.650 23.468 23.286 23.103 22.921 22.739 22.557 22.375
35.152 34.970 34.788 34.606 34.423 34.241 34.059 33.877 33.695 33.513 33.330 33.148 32.966 32.784 32.602 32.420 32.237 32.055 31.873 31.691 31.509 31.327 31.145 30.962 30.780 30.598 30.416 30.234 30.052 29.869 29.687 29.505 29.323 29.141 28.959 28.776 28.594 28.412 28.230 28.048 27.866 27.684 27.501 27.319 27.137 26.955 26.773 26.591 26.408 26.226 26.044 25.862 25.680 25.498 25.315 25.133 24.951 24.769 24.587 24.405 24.223 24.040 23.858 23.676 23.494 23.312 23.130 22.947 22.765 22.583 22.401
35.174 34.992 34.810 34.628 34.446 34.264 34.082 33.900 33.718 33.535 33.353 33.171 32.989 32.807 32.625 32.443 32.261 32.079 31.897 31.714 31.532 31.350 31.168 30.986 30.804 30.622 30.440 30.258 30.076 29.894 29.711 29.529 29.347 29.165 28.983 28.801 28.619 28.437 28.255 28.073 27.890 27.708 27.526 27.344 27.162 26.980 26.798 26.616 26.434 26.252 26.070 25.887 25.705 25.523 25.341 25.159 24.977 24.795 24.613 24.431 24.249 24.066 23.884 23.702 23.520 23.338 23.156 22.974 22.792 22.610 22.428
35.197 35.015 34.833 34.651 34.469 34.287 34.105 33.923 33.740 33.558 33.376 33.194 33.012 32.830 32.648 32.466 32.284 32.102 31.920 31.738 31.556 31.374 31.192 31.010 30.828 30.646 30.464 30.282 30.100 29.918 29.736 29.554 29.372 29.190 29.008 28.826 28.644 28.462 28.280 28.097 27.915 27.733 27.551 27.369 27.187 27.005 26.823 26.641 26.459 26.277 26.095 25.913 25.731 25.549 25.367 25.185 25.003 24.821 24.639 24.457 24.275 24.093 23.911 23.729 23.547 23.365 23.183 23.001 22.819 22.637 22.455
35.219 35.037 34.855 34.673 34.492 34.310 34.128 33.946 33.764 33.582 33.400 33.218 33.036 32.854 32.672 32.490 32.308 32.126 31.944 31.762 31.580 31.398 31.216 31.034 30.852 30.670 30.488 30.306 30.124 29.942 29.760 29.578 29.396 29.214 29.032 28.850 28.669 28.487 28.305 28.123 27.941 27.759 27.577 27.395 27.213 27.031 26.849 26.667 26.485 26.303 26.121 25.939 25.757 25.575 25.393 25.211 25.029 24.847 24.665 24.483 24.301 24.119 23.937 23.755 23.573 23.391 23.209 23.028 22.846 22.664 22.482
35.242 35.060 34.878 34.696 34.515 34.333 34.151 33.969 33.787 33.605 33.423 33.241 33.059 32.877 32.696 32.514 32.332 32.150 31.968 31.786 31.604 31.422 31.240 31.058 30.877 30.695 30.513 30.331 30.149 29.967 29.785 29.603 29.421 29.239 29.057 28.876 28.694 28.512 28.330 28.148 27.966 27.784 27.602 27.420 27.238 27.057 26.875 26.693 26.511 26.329 26.147 25.965 25.783 25.601 25.419 25.237 25.056 24.874 24.692 24.510 24.328 24.146 23.964 23.782 23.600 23.418 23.237 23.055 22.873 22.691 22.509
35.265 35.083 34.902 34.720 34.538 34.356 34.174 33.992 33.810 33.629 33.447 33.265 33.083 32.901 32.719 32.538 32.356 32.174 31.992 31.810 31.628 31.447 31.265 31.083 30.901 30.719 30.537 30.356 30.174 29.992 29.810 29.628 29.446 29.264 29.083 28.901 28.719 28.537 28.355 28.173 27.992 27.810 27.628 27.446 27.264 27.082 26.901 26.719 26.537 26.355 26.173 25.991 25.810 25.628 25.446 25.264 25.082 24.900 24.719 24.537 24.355 24.173 23.991 23.809 23.627 23.446 23.264 23.082 22.900 22.718 22.536
35.288 35.107 34.925 34.743 34.561 34.379 34.198 34.016 33.834 33.652 33.471 33.289 33.107 32.925 32.744 32.562 32.380 32.198 32.016 31.835 31.653 31.471 31.289 31.108 30.926 30.744 30.562 30.380 30.199 30.017 29.835 29.653 29.472 29.290 29.108 28.926 28.744 28.563 28.381 28.199 28.017 27.836 27.654 27.472 27.290 27.109 26.927 26.745 26.563 26.381 26.200 26.018 25.836 25.654 25.473 25.291 25.109 24.927 24.745 24.564 24.382 24.200 24.018 23.837 23.655 23.473 23.291 23.109 22.928 22.746 22.564
35.312 35.130 34.948 34.767 34.585 34.403 34.221 34.040 33.858 33.676 33.495 33.313 33.131 32.950 32.768 32.586 32.404 32.223 32.041 31.859 31.678 31.496 31.314 31.132 30.951 30.769 30.587 30.406 30.224 30.042 29.860 29.679 29.497 29.315 29.134 28.952 28.770 28.588 28.407 28.225 28.043 27.862 27.680 27.498 27.317 27.135 26.953 26.771 26.590 26.408 26.226 26.045 25.863 25.681 25.499 25.318 25.136 24.954 24.773 24.591 24.409 24.227 24.046 23.864 23.682 23.501 23.319 23.137 22.956 22.774 22.592
35.335 35.154 34.972 34.790 34.609 34.427 34.245 34.064 33.882 33.700 33.519 33.337 33.156 32.974 32.792 32.611 32.429 32.247 32.066 31.884 31.702 31.521 31.339 31.157 30.976 30.794 30.613 30.431 30.249 30.068 29.886 29.704 29.523 29.341 29.159 28.978 28.796 28.614 28.433 28.251 28.070 27.888 27.706 27.525 27.343 27.161 26.980 26.798 26.616 26.435 26.253 26.071 25.890 25.708 25.527 25.345 25.163 24.982 24.800 24.618 24.437 24.255 24.073 23.892 23.710 23.528 23.347 23.165 22.984 22.802 22.620
35.359 35.177 34.996 34.814 34.633 34.451 34.269 34.088 33.906 33.725 33.543 33.362 33.180 32.998 32.817 32.635 32.454 32.272 32.091 31.909 31.727 31.546 31.364 31.183 31.001 30.820 30.638 30.456 30.275 30.093 29.912 29.730 29.548 29.367 29.185 29.004 28.822 28.641 28.459 28.277 28.096 27.914 27.733 27.551 27.370 27.188 27.006 26.825 26.643 26.462 26.280 26.099 25.917 25.735 25.554 25.372 25.191 25.009 24.827 24.646 24.464 24.283 24.101 23.920 23.738 23.556 23.375 23.193 23.012 22.830 22.649
35.383 35.201 35.020 34.838 34.657 34.475 34.294 34.112 33.931 33.749 33.568 33.386 33.205 33.023 32.842 32.660 32.479 32.297 32.116 31.934 31.753 31.571 31.390 31.208 31.027 30.845 30.664 30.482 30.301 30.119 29.937 29.756 29.574 29.393 29.211 29.030 28.848 28.667 28.485 28.304 28.122 27.941 27.759 27.578 27.396 27.215 27.033 26.852 26.670 26.489 26.307 26.126 25.944 25.763 25.581 25.400 25.218 25.037 24.855 24.674 24.492 24.311 24.129 23.948 23.766 23.585 23.403 23.222 23.040 22.859 22.677
35.407 35.225 35.044 34.862 34.681 34.500 34.318 34.137 33.955 33.774 33.592 33.411 33.229 33.048 32.867 32.685 32.504 32.322 32.141 31.959 31.778 31.596 31.415 31.234 31.052 30.871 30.689 30.508 30.326 30.145 29.964 29.782 29.601 29.419 29.238 29.056 28.875 28.693 28.512 28.331 28.149 27.968 27.786 27.605 27.423 27.242 27.060 26.879 26.698 26.516 26.335 26.153 25.972 25.790 25.609 25.427 25.246 25.065 24.883 24.702 24.520 24.339 24.157 23.976 23.795 23.613 23.432 23.250 23.069 22.887 22.706
35.431 35.250 35.068 34.887 34.705 34.524 34.343 34.161 33.980 33.799 33.617 33.436 33.254 33.073 32.892 32.710 32.529 32.348 32.166 31.985 31.803 31.622 31.441 31.259 31.078 30.897 30.715 30.534 30.352 30.171 29.990 29.808 29.627 29.446 29.264 29.083 28.901 28.720 28.539 28.357 28.176 27.995 27.813 27.632 27.451 27.269 27.088 26.906 26.725 26.544 26.362 26.181 26.000 25.818 25.637 25.455 25.274 25.093 24.911 24.730 24.549 24.367 24.186 24.004 23.823 23.642 23.460 23.279 23.098 22.916 22.735
35.455 35.274 35.093 34.911 34.730 34.549 34.367 34.186 34.005 33.824 33.642 33.461 33.280 33.098 32.917 32.736 32.554 32.373 32.192 32.010 31.829 31.648 31.467 31.285 31.104 30.923 30.741 30.560 30.379 30.197 30.016 29.835 29.654 29.472 29.291 29.110 28.928 28.747 28.566 28.384 28.203 28.022 27.840 27.659 27.478 27.297 27.115 26.934 26.753 26.571 26.390 26.209 26.027 25.846 25.665 25.483 25.302 25.121 24.940 24.758 24.577 24.396 24.214 24.033 23.852 23.670 23.489 23.308 23.127 22.945 22.764
35.480 35.299 35.117 34.936 34.755 34.574 34.392 34.211 34.030 33.849 33.667 33.486 33.305 33.124 32.942 32.761 32.580 32.399 32.218 32.036 31.855 31.674 31.493 31.311 31.130 30.949 30.768 30.586 30.405 30.224 30.043 29.861 29.680 29.499 29.318 29.136 28.955 28.774 28.593 28.412 28.230 28.049 27.868 27.687 27.505 27.324 27.143 26.962 26.780 26.599 26.418 26.237 26.055 25.874 25.693 25.512 25.331 25.149 24.968 24.787 24.606 24.424 24.243 24.062 23.881 23.699 23.518 23.337 23.156 22.974 22.793
35.504 35.323 35.142 34.961 34.780 34.599 34.417 34.236 34.055 33.874 33.693 33.512 33.330 33.149 32.968 32.787 32.606 32.425 32.243 32.062 31.881 31.700 31.519 31.338 31.156 30.975 30.794 30.613 30.432 30.251 30.069 29.888 29.707 29.526 29.345 29.164 28.982 28.801 28.620 28.439 28.258 28.077 27.895 27.714 27.533 27.352 27.171 26.990 26.808 26.627 26.446 26.265 26.084 25.903 25.721 25.540 25.359 25.178 24.997 24.816 24.634 24.453 24.272 24.091 23.910 23.729 23.547 23.366 23.185 23.004 22.823
35.529 35.348 35.167 34.986 34.805 34.624 34.443 34.262 34.080 33.899 33.718 33.537 33.356 33.175 32.994 32.813 32.632 32.451 32.269 32.088 31.907 31.726 31.545 31.364 31.183 31.002 30.821 30.640 30.458 30.277 30.096 29.915 29.734 29.553 29.372 29.191 29.010 28.829 28.648 28.466 28.285 28.104 27.923 27.742 27.561 27.380 27.199 27.018 26.837 26.655 26.474 26.293 26.112 25.931 25.750 25.569 25.388 25.207 25.026 24.844 24.663 24.482 24.301 24.120 23.939 23.758 23.577 23.396 23.215 23.033 22.852
35.554 35.373 35.192 35.011 34.830 34.649 34.468 34.287 34.106 33.925 33.744 33.563 33.382 33.201 33.020 32.839 32.658 32.477 32.296 32.115 31.934 31.753 31.572 31.391 31.210 31.028 30.847 30.666 30.485 30.304 30.123 29.942 29.761 29.580 29.399 29.218 29.037 28.856 28.675 28.494 28.313 28.132 27.951 27.770 27.589 27.408 27.227 27.046 26.865 26.684 26.503 26.322 26.141 25.960 25.779 25.598 25.417 25.236 25.055 24.874 24.693 24.511 24.330 24.149 23.968 23.787 23.606 23.425 23.244 23.063 22.882
