in/test_suite/GMD2017/CliffFineBays/consolidated_fine_01.asc
ncols	500
nrows	1000
xllcorner	1.000
yllcorner	1.000
cellsize	1.000
NODATA_value	-9999.000
[rows 864 to 895 of 1000, columns 355 to 425 of 500]
34.219 34.034 33.850 33.665 33.480 33.295 33.110 32.926 32.741 32.556 32.371 32.187 32.002 31.817 31.632 31.447 31.263 31.078 30.893 30.708 30.524 30.339 30.154 29.969 29.784 29.600 29.415 29.230 29.045 28.861 28.676 28.491 28.306 28.121 27.937 27.752 27.567 27.382 27.198 27.013 26.828 26.643 26.458 26.274 26.089 25.904 25.719 25.535 25.350 25.165 24.980 24.795 24.611 24.426 24.241 24.056 23.872 23.687 23.502 23.317 23.133 22.948 22.763 22.578 22.393 22.209 22.024 21.839 21.654 21.470 21.285
34.228 34.043 33.858 33.673 33.489 33.304 33.119 32.934 32.750 32.565 32.380 32.195 32.011 31.826 31.641 31.456 31.272 31.087 30.902 30.717 30.533 30.348 30.163 29.978 29.794 29.609 29.424 29.239 29.055 28.870 28.685 28.500 28.316 28.131 27.946 27.761 27.577 27.392 27.207 27.022 26.838 26.653 26.468 26.283 26.099 25.914 25.729 25.544 25.360 25.175 24.990 24.805 24.621 24.436 24.251 24.066 23.882 23.697 23.512 23.327 23.143 22.958 22.773 22.588 22.403 22.219 22.034 21.849 21.664 21.480 21.295
34.237 34.052 33.867 33.682 33.498 33.313 33.128 32.943 32.759 32.574 32.389 32.205 32.020 31.835 31.650 31.466 31.281 31.096 30.911 30.727 30.542 30.357 30.173 29.988 29.803 29.618 29.434 29.249 29.064 28.879 28.695 28.510 28.325 28.141 27.956 27.771 27.586 27.402 27.217 27.032 26.847 26.663 26.478 26.293 26.108 25.924 25.739 25.554 25.370 25.185 25.000 24.815 24.631 24.446 24.261 24.076 23.892 23.707 23.522 23.338 23.153 22.968 22.783 22.599 22.414 22.229 22.044 21.860 21.675 21.490 21.306
34.246 34.061 33.876 33.692 33.507 33.322 33.137 32.953 32.768 32.583 32.399 32.214 32.029 31.845 31.660 31.475 31.290 31.106 30.921 30.736 30.552 30.367 30.182 29.997 29.813 29.628 29.443 29.259 29.074 28.889 28.705 28.520 28.335 28.150 27.966 27.781 27.596 27.412 27.227 27.042 26.858 26.673 26.488 26.303 26.119 25.934 25.749 25.565 25.380 25.195 25.010 24.826 24.641 24.456 24.272 24.087 23.902 23.718 23.533 23.348 23.163 22.979 22.794 22.609 22.425 22.240 22.055 21.871 21.686 21.501 21.316
34.255 34.070 33.886 33.701 33.516 33.332 33.147 32.962 32.778 32.593 32.408 32.224 32.039 31.854 31.670 31.485 31.300 31.116 30.931 30.746 30.561 30.377 30.192 30.007 29.823 29.638 29.453 29.269 29.084 28.899 28.715 28.530 28.345 28.161 27.976 27.791 27.607 27.422 27.237 27.053 26.868 26.683 26.499 26.314 26.129 25.945 25.760 25.575 25.391 25.206 25.021 24.836 24.652 24.467 24.282 24.098 23.913 23.728 23.544 23.359 23.174 22.990 22.805 22.620 22.436 22.251 22.066 21.882 21.697 21.512 21.328
34.265 34.080 33.895 33.711 33.526 33.341 33.157 32.972 32.787 32.603 32.418 32.233 32.049 31.864 31.680 31.495 31.310 31.126 30.941 30.756 30.572 30.387 30.202 30.018 29.833 29.648 29.464 29.279 29.094 28.910 28.725 28.540 28.356 28.171 27.987 27.802 27.617 27.433 27.248 27.063 26.879 26.694 26.509 26.325 26.140 25.955 25.771 25.586 25.401 25.217 25.032 24.847 24.663 24.478 24.294 24.109 23.924 23.740 23.555 23.370 23.186 23.001 22.816 22.632 22.447 22.262 22.078 21.893 21.708 21.524 21.339
34.275 34.090 33.905 33.721 33.536 33.351 33.167 32.982 32.798 32.613 32.428 32.244 32.059 31.874 31.690 31.505 31.321 31.136 30.951 30.767 30.582 30.397 30.213 30.028 29.844 29.659 29.474 29.290 29.105 28.920 28.736 28.551 28.367 28.182 27.997 27.813 27.628 27.444 27.259 27.074 26.890 26.705 26.520 26.336 26.151 25.967 25.782 25.597 25.413 25.228 25.043 24.859 24.674 24.490 24.305 24.120 23.936 23.751 23.566 23.382 23.197 23.013 22.828 22.643 22.459 22.274 22.089 21.905 21.720 21.536 21.351
34.285 34.100 33.915 33.731 33.546 33.362 33.177 32.993 32.808 32.623 32.439 32.254 32.070 31.885 31.700 31.516 31.331 31.147 30.962 30.777 30.593 30.408 30.224 30.039 29.854 29.670 29.485 29.301 29.116 28.931 28.747 28.562 28.378 28.193 28.008 27.824 27.639 27.455 27.270 27.086 26.901 26.716 26.532 26.347 26.163 25.978 25.793 25.609 25.424 25.240 25.055 24.870 24.686 24.501 24.317 24.132 23.947 23.763 23.578 23.394 23.209 23.024 22.840 22.655 22.471 22.286 22.102 21.917 21.732 21.548 21.363
34.295 34.111 33.926 33.741 33.557 33.372 33.188 33.003 32.819 32.634 32.449 32.265 32.080 31.896 31.711 31.527 31.342 31.157 30.973 30.788 30.604 30.419 30.235 30.050 29.866 29.681 29.496 29.312 29.127 28.943 28.758 28.574 28.389 28.204 28.020 27.835 27.651 27.466 27.282 27.097 26.913 26.728 26.543 26.359 26.174 25.990 25.805 25.621 25.436 25.251 25.067 24.882 24.698 24.513 24.329 24.144 23.959 23.775 23.590 23.406 23.221 23.037 22.852 22.668 22.483 22.298 22.114 21.929 21.745 21.560 21.376
34.306 34.121 33.937 33.752 33.568 33.383 33.199 33.014 32.829 32.645 32.460 32.276 32.091 31.907 31.722 31.538 31.353 31.169 30.984 30.800 30.615 30.431 30.246 30.061 29.877 29.692 29.508 29.323 29.139 28.954 28.770 28.585 28.401 28.216 28.032 27.847 27.663 27.478 27.293 27.109 26.924 26.740 26.555 26.371 26.186 26.002 25.817 25.633 25.448 25.264 25.079 24.895 24.710 24.525 24.341 24.156 23.972 23.787 23.603 23.418 23.234 23.049 22.865 22.680 22.496 22.311 22.126 21.942 21.757 21.573 21.388
34.317 34.132 33.948 33.763 33.579 33.394 33.210 33.025 32.841 32.656 32.472 32.287 32.103 31.918 31.734 31.549 31.365 31.180 30.996 30.811 30.627 30.442 30.258 30.073 29.889 29.704 29.520 29.335 29.151 28.966 28.782 28.597 28.413 28.228 28.044 27.859 27.675 27.490 27.306 27.121 26.937 26.752 26.568 26.383 26.199 26.014 25.830 25.645 25.461 25.276 25.092 24.907 24.723 24.538 24.353 24.169 23.984 23.800 23.615 23.431 23.246 23.062 22.877 22.693 22.508 22.324 22.139 21.955 21.770 21.586 21.401
34.328 34.143 33.959 33.774 33.590 33.406 33.221 33.037 32.852 32.668 32.483 32.299 32.114 31.930 31.745 31.561 31.376 31.192 31.007 30.823 30.638 30.454 30.269 30.085 29.901 29.716 29.532 29.347 29.163 28.978 28.794 28.609 28.425 28.240 28.056 27.871 27.687 27.502 27.318 27.133 26.949 26.765 26.580 26.396 26.211 26.027 25.842 25.658 25.473 25.289 25.104 24.920 24.735 24.551 24.366 24.182 23.997 23.813 23.628 23.444 23.260 23.075 22.891 22.706 22.522 22.337 22.153 21.968 21.784 21.599 21.415
34.339 34.155 33.970 33.786 33.602 33.417 33.233 33.048 32.864 32.679 32.495 32.310 32.126 31.942 31.757 31.573 31.388 31.204 31.019 30.835 30.651 30.466 30.282 30.097 29.913 29.728 29.544 29.359 29.175 28.991 28.806 28.622 28.437 28.253 28.068 27.884 27.699 27.515 27.331 27.146 26.962 26.777 26.593 26.408 26.224 26.040 25.855 25.671 25.486 25.302 25.117 24.933 24.748 24.564 24.380 24.195 24.011 23.826 23.642 23.457 23.273 23.088 22.904 22.720 22.535 22.351 22.166 21.982 21.797 21.613 21.429
34.351 34.167 33.982 33.798 33.613 33.429 33.245 33.060 32.876 32.691 32.507 32.323 32.138 31.954 31.769 31.585 31.401 31.216 31.032 30.847 30.663 30.478 30.294 30.110 29.925 29.741 29.556 29.372 29.188 29.003 28.819 28.634 28.450 28.266 28.081 27.897 27.712 27.528 27.344 27.159 26.975 26.790 26.606 26.422 26.237 26.053 25.868 25.684 25.499 25.315 25.131 24.946 24.762 24.577 24.393 24.209 24.024 23.840 23.655 23.471 23.287 23.102 22.918 22.733 22.549 22.365 22.180 21.996 21.811 21.627 21.443
34.363 34.179 33.994 33.810 33.626 33.441 33.257 33.072 32.888 32.704 32.519 32.335 32.151 31.966 31.782 31.597 31.413 31.229 31.044 30.860 30.676 30.491 30.307 30.122 29.938 29.754 29.569 29.385 29.201 29.016 28.832 28.647 28.463 28.279 28.094 27.910 27.726 27.541 27.357 27.172 26.988 26.804 26.619 26.435 26.251 26.066 25.882 25.697 25.513 25.329 25.144 24.960 24.776 24.591 24.407 24.222 24.038 23.854 23.669 23.485 23.301 23.116 22.932 22.747 22.563 22.379 22.194 22.010 21.826 21.641 21.457
34.375 34.191 34.007 33.822 33.638 33.454 33.269 33.085 32.901 32.716 32.532 32.347 32.163 31.979 31.794 31.610 31.426 31.241 31.057 30.873 30.688 30.504 30.320 30.135 29.951 29.767 29.582 29.398 29.214 29.029 28.845 28.661 28.476 28.292 28.108 27.923 27.739 27.555 27.370 27.186 27.002 26.817 26.633 26.449 26.264 26.080 25.896 25.711 25.527 25.343 25.158 24.974 24.790 24.605 24.421 24.237 24.052 23.868 23.684 23.499 23.315 23.131 22.946 22.762 22.578 22.393 22.209 22.024 21.840 21.656 21.471
34.388 34.203 34.019 33.835 33.650 33.466 33.282 33.098 32.913 32.729 32.545 32.360 32.176 31.992 31.807 31.623 31.439 31.255 31.070 30.886 30.702 30.517 30.333 30.149 29.964 29.780 29.596 29.411 29.227 29.043 28.859 28.674 28.490 28.306 28.121 27.937 27.753 27.568 27.384 27.200 27.016 26.831 26.647 26.463 26.278 26.094 25.910 25.725 25.541 25.357 25.172 24.988 24.804 24.620 24.435 24.251 24.067 23.882 23.698 23.514 23.329 23.145 22.961 22.777 22.592 22.408 22.224 22.039 21.855 21.671 21.486
34.400 34.216 34.032 33.848 33.663 33.479 33.295 33.111 32.926 32.742 32.558 32.373 32.189 32.005 31.821 31.636 31.452 31.268 31.084 30.899 30.715 30.531 30.346 30.162 29.978 29.794 29.609 29.425 29.241 29.057 28.872 28.688 28.504 28.320 28.135 27.951 27.767 27.582 27.398 27.214 27.030 26.845 26.661 26.477 26.293 26.108 25.924 25.740 25.556 25.371 25.187 25.003 24.818 24.634 24.450 24.266 24.081 23.897 23.713 23.529 23.344 23.160 22.976 22.791 22.607 22.423 22.239 22.054 21.870 21.686 21.502
34.413 34.229 34.045 33.861 33.676 33.492 33.308 33.124 32.940 32.755 32.571 32.387 32.203 32.018 31.834 31.650 31.466 31.281 31.097 30.913 30.729 30.545 30.360 30.176 29.992 29.808 29.623 29.439 29.255 29.071 28.886 28.702 28.518 28.334 28.149 27.965 27.781 27.597 27.413 27.228 27.044 26.860 26.676 26.491 26.307 26.123 25.939 25.754 25.570 25.386 25.202 25.018 24.833 24.649 24.465 24.281 24.096 23.912 23.728 23.544 23.359 23.175 22.991 22.807 22.623 22.438 22.254 22.070 21.886 21.701 21.517
34.427 34.242 34.058 33.874 33.690 33.506 33.321 33.137 32.953 32.769 32.585 32.400 32.216 32.032 31.848 31.664 31.479 31.295 31.111 30.927 30.743 30.559 30.374 30.190 30.006 29.822 29.638 29.453 29.269 29.085 28.901 28.717 28.532 28.348 28.164 27.980 27.796 27.611 27.427 27.243 27.059 26.875 26.690 26.506 26.322 26.138 25.954 25.769 25.585 25.401 25.217 25.033 24.848 24.664 24.480 24.296 24.112 23.927 23.743 23.559 23.375 23.191 23.007 22.822 22.638 22.454 22.270 22.086 21.901 21.717 21.533
34.440 34.256 34.072 33.888 33.703 33.519 33.335 33.151 32.967 32.783 32.599 32.414 32.230 32.046 31.862 31.678 31.494 31.309 31.125 30.941 30.757 30.573 30.389 30.204 30.020 29.836 29.652 29.468 29.284 29.100 28.915 28.731 28.547 28.363 28.179 27.995 27.810 27.626 27.442 27.258 27.074 26.890 26.705 26.521 26.337 26.153 25.969 25.785 25.601 25.416 25.232 25.048 24.864 24.680 24.496 24.311 24.127 23.943 23.759 23.575 23.391 23.206 23.022 22.838 22.654 22.470 22.286 22.102 21.917 21.733 21.549
34.454 34.270 34.086 33.901 33.717 33.533 33.349 33.165 32.981 32.797 32.613 32.428 32.244 32.060 31.876 31.692 31.508 31.324 31.140 30.956 30.771 30.587 30.403 30.219 30.035 29.851 29.667 29.483 29.298 29.114 28.930 28.746 28.562 28.378 28.194 28.010 27.826 27.641 27.457 27.273 27.089 26.905 26.721 26.537 26.353 26.168 25.984 25.800 25.616 25.432 25.248 25.064 24.880 24.696 24.511 24.327 24.143 23.959 23.775 23.591 23.407 23.223 23.038 22.854 22.670 22.486 22.302 22.118 21.934 21.750 21.565
34.468 34.284 34.100 33.916 33.731 33.547 33.363 33.179 32.995 32.811 32.627 32.443 32.259 32.075 31.891 31.707 31.522 31.338 31.154 30.970 30.786 30.602 30.418 30.234 30.050 29.866 29.682 29.498 29.314 29.129 28.945 28.761 28.577 28.393 28.209 28.025 27.841 27.657 27.473 27.289 27.105 26.921 26.736 26.552 26.368 26.184 26.000 25.816 25.632 25.448 25.264 25.080 24.896 24.712 24.527 24.343 24.159 23.975 23.791 23.607 23.423 23.239 23.055 22.871 22.687 22.503 22.319 22.134 21.950 21.766 21.582
34.482 34.298 34.114 33.930 33.746 33.562 33.378 33.194 33.010 32.826 32.642 32.458 32.273 32.089 31.905 31.721 31.537 31.353 31.169 30.985 30.801 30.617 30.433 30.249 30.065 29.881 29.697 29.513 29.329 29.145 28.961 28.777 28.593 28.409 28.225 28.041 27.857 27.673 27.488 27.304 27.120 26.936 26.752 26.568 26.384 26.200 26.016 25.832 25.648 25.464 25.280 25.096 24.912 24.728 24.544 24.360 24.176 23.992 23.808 23.624 23.440 23.256 23.072 22.887 22.703 22.519 22.335 22.151 21.967 21.783 21.599
34.496 34.312 34.128 33.944 33.760 33.576 33.392 33.208 33.024 32.840 32.656 32.472 32.288 32.104 31.920 31.736 31.552 31.368 31.184 31.000 30.816 30.632 30.448 30.264 30.080 29.896 29.712 29.528 29.344 29.160 28.976 28.792 28.608 28.424 28.240 28.056 27.872 27.688 27.504 27.320 27.136 26.952 26.768 26.584 26.400 26.216 26.032 25.848 25.664 25.480 25.296 25.112 24.928 24.744 24.560 24.376 24.192 24.008 23.824 23.640 23.456 23.272 23.088 22.904 22.720 22.536 22.352 22.168 21.984 21.800 21.617
34.511 34.327 34.143 33.959 33.775 33.591 33.407 33.223 33.039 32.855 32.672 32.488 32.304 32.120 31.936 31.752 31.568 31.384 31.200 31.016 30.832 30.648 30.464 30.280 30.096 29.912 29.728 29.544 29.360 29.176 28.992 28.808 28.624 28.441 28.257 28.073 27.889 27.705 27.521 27.337 27.153 26.969 26.785 26.601 26.417 26.233 26.049 25.865 25.681 25.497 25.313 25.129 24.945 24.761 24.577 24.393 24.209 24.026 23.842 23.658 23.474 23.290 23.106 22.922 22.738 22.554 22.370 22.186 22.002 21.818 21.634
34.526 34.342 34.158 33.974 33.790 33.606 33.423 33.239 33.055 32.871 32.687 32.503 32.319 32.135 31.951 31.767 31.583 31.399 31.216 31.032 30.848 30.664 30.480 30.296 30.112 29.928 29.744 29.560 29.376 29.193 29.009 28.825 28.641 28.457 28.273 28.089 27.905 27.721 27.537 27.353 27.169 26.986 26.802 26.618 26.434 26.250 26.066 25.882 25.698 25.514 25.330 25.146 24.962 24.779 24.595 24.411 24.227 24.043 23.859 23.675 23.491 23.307 23.123 22.939 22.755 22.572 22.388 22.204 22.020 21.836 21.652
34.541 34.357 34.173 33.990 33.806 33.622 33.438 33.254 33.070 32.886 32.703 32.519 32.335 32.151 31.967 31.783 31.599 31.415 31.232 31.048 30.864 30.680 30.496 30.312 30.128 29.944 29.761 29.577 29.393 29.209 29.025 28.841 28.657 28.473 28.290 28.106 27.922 27.738 27.554 27.370 27.186 27.002 26.819 26.635 26.451 26.267 26.083 25.899 25.715 25.531 25.348 25.164 24.980 24.796 24.612 24.428 24.244 24.060 23.877 23.693 23.509 23.325 23.141 22.957 22.773 22.589 22.406 22.222 22.038 21.854 21.670
34.557 34.373 34.189 34.005 33.821 33.637 33.454 33.270 33.086 32.902 32.718 32.535 32.351 32.167 31.983 31.799 31.615 31.432 31.248 31.064 30.880 30.696 30.512 30.329 30.145 29.961 29.777 29.593 29.409 29.226 29.042 28.858 28.674 28.490 28.306 28.123 27.939 27.755 27.571 27.387 27.203 27.020 26.836 26.652 26.468 26.284 26.100 25.917 25.733 25.549 25.365 25.181 24.998 24.814 24.630 24.446 24.262 24.078 23.895 23.711 23.527 23.343 23.159 22.975 22.792 22.608 22.424 22.240 22.056 21.872 21.689
34.572 34.389 34.205 34.021 33.837 33.653 33.470 33.286 33.102 32.918 32.734 32.551 32.367 32.183 31.999 31.816 31.632 31.448 31.264 31.080 30.897 30.713 30.529 30.345 30.161 29.978 29.794 29.610 29.426 29.243 29.059 28.875 28.691 28.507 28.324 28.140 27.956 27.772 27.588 27.405 27.221 27.037 26.853 26.670 26.486 26.302 26.118 25.934 25.751 25.567 25.383 25.199 25.015 24.832 24.648 24.464 24.280 24.097 23.913 23.729 23.545 23.361 23.178 22.994 22.810 22.626 22.442 22.259 22.075 21.891 21.707
34.588 34.404 34.221 34.037 33.853 33.669 33.486 33.302 33.118 32.935 32.751 32.567 32.383 32.200 32.016 31.832 31.648 31.465 31.281 31.097 30.913 30.730 30.546 30.362 30.178 29.995 29.811 29.627 29.443 29.260 29.076 28.892 28.708 28.525 28.341 28.157 27.974 27.790 27.606 27.422 27.239 27.055 26.871 26.687 26.504 26.320 26.136 25.952 25.769 25.585 25.401 25.217 25.034 24.850 24.666 24.482 24.299 24.115 23.931 23.747 23.564 23.380 23.196 23.013 22.829 22.645 22.461 22.278 22.094 21.910 21.726
34.604 34.421 34.237 34.053 33.870 33.686 33.502 33.318 33.135 32.951 32.767 32.584 32.400 32.216 32.033 31.849 31.665 31.481 31.298 31.114 30.930 30.747 30.563 30.379 30.196 30.012 29.828 29.645 29.461 29.277 29.093 28.910 28.726 28.542 28.359 28.175 27.991 27.808 27.624 27.440 27.256 27.073 26.889 26.705 26.522 26.338 26.154 25.971 25.787 25.603 25.420 25.236 25.052 24.868 24.685 24.501 24.317 24.134 23.950 23.766 23.583 23.399 23.215 23.031 22.848 22.664 22.480 22.297 22.113 21.929 21.746
